2
9 10
5
2 1 1
1 2 2
2 1 2
1 1 1
1 1 2
9
9 2 4 8 8 1 5 5 3
19
2 8 9
1 5 9
2 1 7
2 1 9
1 6 8
1 5 9
1 8 9
2 2 5
2 5 8
2 4 7
1 1 9
1 6 7
2 3 8
2 1 4
1 8 9
1 1 4
2 4 9
2 3 9
1 7 8
10
3 2 3 1 4 5 6 7 7 10
21
2 8 10
1 2 6
2 4 9
1 4 4
1 2 6
2 5 8
2 2 4
1 2 8
2 6 7
2 2 7
2 1 8
1 1 2
2 3 4
2 2 6
2 3 3
2 4 9
2 2 3
1 1 6
2 3 7
1 6 7
1 1 9
9
2 3 6 3 9 5 9 6 7
19
2 3 4
2 5 5
2 4 7
1 2 5
2 2 8
2 6 8
1 4 6
1 1 4
2 2 2
1 6 7
1 4 5
2 2 2
1 3 8
2 2 8
2 2 7
2 1 4
2 4 7
1 6 8
1 2 8
3
7 5 8
7
1 1 2
2 1 2
1 3 3
1 1 1
1 1 1
2 1 1
1 1 2
9
4 9 10 6 6 6 8 1 4
19
1 2 4
1 6 7
2 3 7
1 3 4
2 3 6
2 8 8
1 2 6
2 1 2
1 3 4
1 3 6
1 2 9
2 5 8
1 7 8
2 5 9
2 2 9
2 5 9
2 2 8
1 2 5
2 1 5
8
10 5 8 6 3 5 7 4
17
2 4 8
1 1 8
2 3 7
1 4 7
1 1 5
2 3 8
1 1 1
1 5 5
2 1 2
2 1 5
1 2 7
1 1 6
1 6 8
2 4 4
1 3 6
2 5 5
1 5 8
4
10 2 1 9
9
2 1 2
2 1 1
2 1 2
2 1 1
1 3 4
2 1 4
1 2 2
1 3 4
2 1 3
5
4 10 2 2 1
11
1 1 2
2 2 5
2 2 5
1 1 5
1 3 4
2 2 4
2 2 5
1 2 4
2 3 3
2 2 3
1 2 4
6
5 6 10 5 7 9
13
1 4 4
2 3 6
1 3 6
1 3 6
2 1 2
1 1 5
2 2 2
2 3 3
2 1 3
2 4 6
2 2 3
1 5 6
1 1 6
2
3 3
5
2 1 2
1 2 2
2 2 2
1 1 1
1 1 2
5
10 7 3 2 6
11
1 1 2
1 1 1
2 2 3
1 4 4
2 2 3
1 4 5
2 3 4
2 3 5
2 2 3
1 4 5
1 1 5
9
10 9 2 1 4 10 3 1 7
19
2 3 8
1 8 8
2 6 8
1 1 4
1 4 8
1 1 2
2 1 3
2 2 3
1 6 9
1 4 7
1 3 8
2 3 5
1 1 3
2 2 8
1 6 9
1 3 5
2 4 4
1 9 9
1 2 3
3
6 10 10
7
2 1 2
2 1 3
1 1 2
1 2 3
2 1 3
1 1 2
2 1 2
8
9 8 7 9 2 4 3 10
17
2 2 3
2 5 6
2 4 7
1 4 4
1 7 7
2 1 8
2 6 6
1 3 4
2 2 5
2 2 8
2 2 4
1 3 4
1 3 4
1 1 5
1 3 6
2 1 1
1 2 4
10
10 3 2 7 10 9 7 3 9 6
21
2 4 6
2 1 2
2 2 7
2 2 9
2 10 10
2 3 10
2 7 9
1 6 10
1 2 8
1 9 10
2 1 1
1 2 8
2 6 7
2 4 5
1 4 8
1 2 9
2 6 10
2 7 9
1 4 10
2 2 3
1 2 9
3
9 8 8
7
2 1 2
2 2 2
1 1 3
2 3 3
2 1 3
1 1 3
2 1 3
3
7 7 7
7
1 1 3
2 1 2
1 2 3
1 1 2
1 1 3
1 1 1
2 2 3
4
7 6 3 3
9
1 1 2
2 2 4
1 4 4
1 3 3
2 2 3
2 1 4
1 2 3
1 2 3
1 2 4
8
3 7 8 1 2 8 4 3
17
2 1 6
1 3 6
1 2 2
1 4 8
1 2 5
1 6 7
2 8 8
1 5 6
2 5 6
2 5 8
1 5 7
1 3 8
2 2 3
1 1 7
2 1 1
2 3 4
1 1 8
4
7 4 8 3
9
1 3 3
1 1 4
1 3 3
2 4 4
2 2 4
2 1 4
1 3 3
2 3 4
2 4 4
9
10 9 7 2 10 3 5 3 9
19
1 3 4
2 3 3
1 4 6
1 3 6
2 4 8
1 1 5
1 5 8
1 1 7
2 2 8
1 4 7
2 1 8
2 1 7
1 2 5
2 4 9
2 3 8
1 4 7
1 6 9
1 5 5
1 1 4
7
4 2 5 3 10 4 2
15
1 3 6
2 3 7
2 1 7
2 4 6
2 1 3
1 3 4
2 1 1
2 1 1
1 5 6
2 1 5
2 1 4
1 4 7
2 7 7
1 2 5
2 3 6
9
9 1 7 1 3 2 4 1 4
19
2 4 4
2 3 7
2 4 6
1 8 9
1 2 8
2 3 9
2 1 9
2 1 8
1 5 8
2 1 3
1 3 6
1 2 9
2 2 5
1 6 7
2 2 9
2 2 4
1 4 7
1 2 5
1 3 4
4
10 3 8 8
9
2 1 4
2 1 4
2 1 1
2 1 1
1 2 4
2 1 3
2 3 4
1 2 4
1 2 4
5
7 10 5 10 1
11
1 3 5
2 1 1
1 2 3
2 4 5
1 1 4
2 1 3
1 2 4
2 2 5
2 5 5
2 2 2
1 2 3
8
5 5 5 4 6 3 8 10
17
2 6 8
1 1 7
2 1 5
1 2 7
1 6 8
2 5 8
2 1 4
1 3 7
2 3 8
2 3 6
2 6 8
2 2 8
2 2 7
1 2 5
1 3 4
2 2 5
1 6 7
2
4 6
5
2 1 2
2 1 2
2 1 2
1 1 2
1 1 2
7
1 2 5 7 8 3 10
15
2 3 3
2 3 7
2 2 6
2 5 7
2 5 6
1 7 7
2 4 6
2 1 6
1 5 5
2 2 3
2 1 3
2 3 4
2 1 7
2 1 5
2 3 7
10
6 10 4 2 6 5 7 5 9 7
21
1 1 10
1 3 7
2 1 10
2 6 9
1 4 6
2 4 8
2 4 10
1 2 10
1 9 10
2 3 10
2 1 8
1 1 6
1 2 8
2 2 5
2 3 8
2 2 2
2 2 5
1 5 6
2 6 8
2 6 10
1 4 6
3
4 4 6
7
2 1 2
2 1 1
1 3 3
2 1 3
2 1 3
2 3 3
1 1 3
6
6 10 7 5 10 3
13
2 3 6
2 2 5
2 2 4
2 5 6
1 2 3
2 2 3
1 1 6
2 1 1
2 1 3
1 2 4
2 5 5
1 2 4
2 1 3
4
4 5 6 1
9
2 4 4
1 1 1
1 2 3
1 2 4
2 3 4
1 1 3
1 2 2
2 1 4
2 2 4
8
7 8 5 10 6 10 2 8
17
2 4 7
2 1 2
1 1 8
1 3 6
2 2 8
1 6 7
1 6 6
1 1 4
2 3 4
2 1 3
2 1 6
1 1 3
1 2 6
2 3 6
2 6 7
1 4 8
1 1 6
2
7 2
5
2 1 2
2 2 2
1 1 2
2 1 2
1 1 1
7
4 4 1 5 2 5 6
15
2 5 5
1 2 6
2 1 7
1 2 5
2 5 6
1 2 3
1 1 1
1 3 4
2 3 7
2 2 5
2 5 7
2 3 7
1 2 3
2 1 4
2 1 4
7
8 6 10 10 3 3 8
15
1 3 4
1 2 3
2 1 2
1 3 5
2 5 7
1 1 5
1 1 7
1 2 3
1 2 3
1 2 2
2 1 3
2 4 5
2 1 2
1 2 2
2 3 7
6
3 10 9 6 7 7
13
1 1 1
2 2 2
2 1 1
1 3 5
1 1 3
1 3 4
2 3 6
2 5 6
2 3 6
2 2 2
2 1 3
1 1 5
2 2 6
4
9 7 4 7
9
2 3 4
2 1 3
1 3 4
2 3 4
2 2 4
1 1 2
1 3 4
1 2 4
1 1 1
10
7 7 6 9 3 8 5 9 10 7
21
2 1 7
2 4 6
1 6 9
1 2 3
2 3 8
2 1 5
1 1 4
2 4 4
1 3 7
2 2 10
1 6 6
1 3 9
1 9 10
1 2 9
2 1 4
2 1 9
2 2 3
2 3 4
1 5 7
1 9 10
1 4 7
2
5 4
5
1 1 1
2 1 2
1 1 2
2 1 2
2 1 2
2
8 4
5
2 1 1
2 1 2
1 1 2
1 2 2
1 1 2
2
5 5
5
1 1 1
2 2 2
1 1 2
2 2 2
1 1 1
8
1 7 2 7 8 9 2 8
17
1 5 5
1 2 2
1 4 5
2 2 6
2 1 3
1 4 7
2 3 4
1 2 5
2 1 3
1 1 2
1 4 5
2 4 5
2 2 6
2 2 3
1 4 7
1 1 8
2 4 7
8
8 2 10 6 6 4 8 10
17
1 3 8
2 2 8
2 1 8
1 1 4
1 6 8
1 4 7
1 1 6
2 4 4
1 1 4
1 4 8
1 1 3
1 3 3
1 6 6
2 4 6
1 6 7
2 4 4
2 2 8
3
9 5 4
7
1 1 3
2 3 3
1 1 2
2 2 3
2 1 3
1 1 3
1 1 2
3
7 4 1
7
2 2 2
1 1 2
2 2 2
2 1 2
2 1 2
1 1 1
1 2 2
8
4 8 3 7 9 7 1 8
17
1 4 7
1 5 6
1 5 5
1 1 7
1 4 8
1 2 7
1 2 4
2 7 8
1 2 6
2 7 8
2 3 6
2 7 8
2 5 8
2 6 6
1 4 7
2 5 7
2 6 6
3
9 1 3
7
1 2 3
1 1 2
1 2 2
1 1 2
2 2 3
1 1 2
2 2 2
2
2 1
5
1 1 2
1 1 2
2 1 2
2 1 1
1 1 2
2
10 10
5
1 1 1
2 1 2
1 1 1
2 1 1
2 1 2
7
1 9 6 10 10 3 2
15
1 1 5
1 1 4
1 1 2
1 1 4
1 1 4
2 5 5
2 1 2
1 7 7
1 2 3
1 4 6
2 1 2
2 5 6
1 4 7
2 3 6
2 6 7
2
2 1
5
1 1 2
1 1 2
1 1 2
2 1 2
1 1 2
7
6 3 4 10 2 2 2
15
1 3 4
2 6 6
2 2 6
1 5 6
2 3 5
1 4 5
1 2 3
2 4 7
1 6 6
2 1 3
1 3 7
2 3 5
1 6 7
2 2 2
2 1 4
9
7 1 5 5 6 9 8 5 4
19
2 4 7
1 5 9
2 1 2
2 3 4
1 5 7
2 6 9
2 1 3
2 1 8
1 2 9
2 2 6
2 4 5
1 4 6
2 4 5
1 3 9
2 8 9
1 1 1
1 2 6
1 8 9
1 5 5
1
1
3
1 1 1
2 1 1
2 1 1
10
5 7 4 6 10 8 9 1 6 6
21
1 1 6
1 2 8
1 8 8
2 6 9
2 2 10
2 1 9
1 5 6
2 9 9
1 3 3
1 8 10
2 2 8
2 2 9
2 9 10
2 2 9
1 2 10
2 10 10
1 3 5
2 5 10
1 2 8
1 1 4
2 2 5
10
7 10 10 6 8 2 2 6 1 5
21
1 1 1
1 5 8
2 4 8
1 2 6
2 1 10
2 3 4
2 1 5
1 4 9
1 3 6
1 3 6
2 1 8
1 3 9
1 4 5
1 2 7
2 1 2
2 2 6
1 7 10
2 1 9
1 4 5
1 1 1
2 3 10
3
9 8 10
7
1 1 3
1 2 3
2 1 2
2 2 3
1 1 3
2 1 2
2 1 2
8
8 2 3 7 10 1 3 7
17
1 5 5
1 3 6
1 5 7
1 1 7
2 3 5
2 1 8
2 3 8
1 4 7
1 2 5
2 2 6
1 2 4
2 1 8
2 4 5
1 2 6
1 2 4
1 2 8
2 3 5
8
6 7 10 9 4 3 1 10
17
1 1 2
2 4 4
1 7 7
1 2 3
1 3 3
1 7 7
1 4 6
1 5 7
2 1 5
2 4 5
1 8 8
2 4 5
1 1 3
1 5 6
1 1 3
1 4 5
2 3 4
8
2 3 3 7 4 10 7 6
17
1 5 8
2 3 5
2 5 6
1 2 3
2 5 7
2 3 4
2 6 8
1 7 7
2 4 7
2 4 4
1 2 6
2 3 5
2 5 7
1 4 7
2 1 7
2 2 5
2 7 8
2
6 5
5
1 2 2
2 1 2
2 1 1
1 1 2
1 1 2
4
6 1 10 8
9
2 1 2
2 1 1
2 1 3
1 1 1
1 1 2
1 2 3
1 2 2
1 2 4
2 1 3
9
4 2 7 4 4 1 1 8 7
19
2 5 7
1 1 4
1 5 7
1 2 8
2 4 7
2 1 6
2 5 7
1 2 9
2 5 8
1 1 6
1 4 5
1 2 4
2 6 8
1 3 4
2 2 2
2 6 8
2 5 7
2 4 7
1 4 8
7
3 3 7 7 8 6 7
15
1 2 7
2 6 7
1 1 7
2 6 7
1 2 6
2 7 7
1 2 4
1 5 6
1 4 6
2 3 6
1 3 7
2 4 5
1 2 4
2 2 5
1 1 4
10
9 4 5 4 4 2 3 8 10 3
21
1 4 10
1 2 4
1 2 10
1 3 5
2 1 7
2 3 8
2 9 10
1 2 9
1 4 10
2 7 7
2 6 9
2 2 10
1 2 6
1 4 4
1 7 8
1 3 9
1 3 8
2 3 6
2 4 5
2 2 8
2 2 4
2
5 10
5
1 1 2
1 1 1
1 2 2
2 1 2
1 1 2
4
10 8 3 10
9
2 3 3
2 1 2
1 1 4
1 2 3
2 1 4
1 1 2
1 1 4
2 1 1
1 3 4
3
6 1 7
7
2 1 1
2 2 3
1 2 3
1 1 3
1 1 3
1 3 3
2 2 3
3
10 8 5
7
1 1 1
2 1 3
1 1 2
1 1 3
2 2 2
1 3 3
2 1 3
7
7 3 2 6 8 8 6
15
1 4 7
2 1 7
2 2 3
1 2 5
1 3 7
2 1 6
2 4 6
1 6 6
2 2 7
1 2 7
2 5 7
2 4 6
1 4 6
1 4 7
2 7 7
3
7 9 4
7
2 2 3
1 1 1
1 1 3
2 1 3
2 1 3
1 1 3
2 1 1
7
1 3 9 10 3 5 6
15
1 1 5
1 2 3
2 1 4
1 1 5
2 1 5
2 2 7
2 1 3
1 2 7
2 4 5
1 6 7
2 6 6
2 1 7
1 6 7
2 2 6
1 2 3
10
6 2 5 9 9 1 3 2 7 8
21
1 1 5
1 9 10
2 1 10
1 2 7
2 3 9
1 1 7
1 7 9
2 5 7
2 1 1
2 2 3
2 7 10
2 10 10
1 3 9
2 7 8
1 1 1
2 3 10
1 7 9
1 4 10
2 3 4
2 7 7
1 1 5
8
3 2 4 9 9 5 10 9
17
1 2 5
2 1 2
1 6 6
2 2 3
2 2 6
1 1 3
2 1 5
2 5 6
1 5 5
1 3 3
2 3 7
2 1 6
2 4 4
2 2 3
1 1 5
2 5 8
1 5 7
10
10 4 5 6 1 9 1 2 9 2
21
2 2 10
1 4 5
1 1 1
1 5 8
1 5 6
2 9 10
2 6 10
1 5 9
2 7 9
1 10 10
1 1 1
1 6 9
2 5 10
2 4 10
2 1 4
2 4 10
2 3 10
2 9 10
1 2 2
2 7 9
2 3 4
7
4 5 4 6 4 4 5
15
2 4 5
2 2 2
2 3 6
1 2 2
1 2 5
1 3 5
2 2 5
2 4 6
1 1 1
2 2 7
2 6 7
2 1 1
2 4 4
2 2 4
2 2 7
10
4 8 9 4 3 4 10 4 4 10
21
1 4 5
2 6 8
1 1 3
1 7 8
1 6 7
2 6 7
2 1 6
2 4 9
2 6 8
2 6 10
1 2 6
2 1 5
1 1 10
1 2 9
1 2 5
2 4 8
2 4 10
2 1 3
2 2 3
1 4 6
1 5 7
8
3 9 3 10 3 6 9 1
17
2 3 4
2 2 4
2 3 3
1 1 2
1 1 1
2 2 5
1 5 7
2 6 8
1 2 8
2 1 5
1 1 4
2 4 8
1 3 5
1 2 8
2 2 3
1 1 8
2 4 5
10
2 1 8 9 5 8 8 8 6 5
21
2 4 6
1 5 8
1 5 10
1 6 7
1 6 9
1 3 10
2 4 7
2 1 1
1 4 8
1 1 10
2 3 7
2 3 10
2 1 8
2 5 7
1 6 8
2 8 9
1 5 9
2 5 10
1 5 9
2 2 8
1 1 8
4
7 5 6 4
9
2 3 4
1 2 2
2 4 4
2 2 3
1 3 3
1 1 4
2 4 4
2 1 3
2 2 2
7
7 3 7 3 3 4 3
15
1 2 6
2 2 5
2 1 6
1 1 5
1 4 6
1 2 6
2 4 7
2 5 6
1 1 2
1 1 2
1 3 6
2 2 6
1 6 7
1 4 6
1 1 2
9
2 6 3 6 3 5 3 9 5
19
2 6 9
1 3 6
2 7 9
1 8 9
2 1 3
2 2 2
2 6 9
1 1 1
2 1 5
1 1 9
2 2 4
2 3 6
1 8 9
1 4 5
1 2 3
1 2 2
2 2 7
1 1 5
2 4 6
5
6 1 6 2 6
11
2 1 4
2 5 5
2 3 5
2 3 5
1 2 5
2 1 4
2 5 5
1 3 5
2 2 5
1 3 4
2 1 4
5
2 7 3 10 2
11
2 1 3
2 4 4
1 1 2
2 1 4
2 1 3
1 1 1
2 1 4
2 2 4
2 1 3
2 2 5
2 2 3
9
2 8 5 8 4 9 10 7 1
19
1 1 6
2 4 7
2 3 9
1 7 8
1 1 3
2 7 9
1 5 8
1 3 6
2 8 9
2 2 6
2 4 5
2 3 3
2 3 9
2 5 8
1 1 3
2 1 9
2 4 8
2 2 8
1 3 7
10
3 2 7 3 1 2 6 1 10 9
21
2 5 10
1 9 10
2 6 7
1 2 4
1 2 3
1 1 4
1 1 2
1 6 10
2 6 7
1 2 7
2 1 4
1 3 8
1 4 10
2 4 8
1 5 6
2 6 9
1 6 8
2 2 6
2 3 5
2 6 10
2 6 9
10
2 2 7 6 2 1 8 3 7 6
21
1 1 4
2 9 10
2 3 6
2 3 6
2 5 9
1 1 10
2 1 9
1 2 10
2 6 9
1 4 7
1 3 10
1 1 4
1 5 9
1 3 10
2 2 9
2 6 10
1 3 3
1 1 3
2 3 7
1 5 9
2 2 4
4
8 5 7 3
9
2 4 4
2 3 4
2 2 4
2 1 3
1 1 3
1 1 3
2 2 3
1 1 2
1 4 4
5
8 2 7 3 10
11
1 2 2
2 1 4
1 1 5
1 1 5
1 4 5
2 1 2
1 2 2
1 1 4
1 1 5
1 1 2
2 3 4
5
3 8 3 8 3
11
2 2 3
1 1 3
2 3 4
2 3 5
1 5 5
1 4 5
1 1 1
2 4 4
1 1 3
1 4 5
2 4 5
3
4 6 6
7
2 1 3
1 2 2
1 1 3
1 1 2
2 3 3
1 1 1
1 1 3
4
4 1 9 9
9
1 2 3
2 1 4
2 1 3
1 1 3
2 3 4
2 1 1
1 2 3
2 3 4
2 1 4
2
8 5
5
1 1 1
2 1 2
2 1 2
2 2 2
1 2 2
10
5 9 1 8 1 9 10 7 8 5
21
2 4 10
2 1 1
1 4 7
2 4 9
2 8 10
1 5 6
2 7 9
1 1 4
2 1 8
2 1 6
1 7 9
1 5 8
1 9 9
1 4 10
1 3 4
2 6 10
2 3 4
1 6 8
2 2 9
2 4 5
1 3 5
8
2 6 1 7 8 7 1 1
17
2 5 6
2 1 6
1 4 8
2 7 8
1 1 3
2 5 5
1 2 6
1 2 4
2 1 4
2 2 4
2 2 4
2 1 5
1 4 6
1 5 6
2 5 6
2 4 7
2 7 7
3
4 4 9
7
1 1 3
2 1 2
1 2 2
1 1 1
2 3 3
1 2 2
2 1 3
5
8 7 8 7 1
11
1 1 1
1 4 5
1 2 2
2 1 1
2 4 4
1 2 4
1 5 5
2 2 4
2 4 5
1 1 5
2 1 5
5
6 8 2 9 8
11
1 5 5
2 2 2
1 1 4
1 2 2
2 3 3
1 4 5
2 4 5
1 4 5
2 3 3
2 4 5
2 1 3
9
7 7 8 4 4 8 3 5 2
19
1 8 9
1 1 5
1 3 5
1 5 8
1 1 3
1 6 7
2 3 9
2 1 3
1 4 6
1 7 9
1 1 6
1 1 7
1 2 6
1 7 9
2 5 7
2 3 8
2 1 9
2 1 5
2 1 8
2
10 3
5
2 1 2
2 1 2
2 2 2
2 1 2
2 2 2
7
2 3 6 2 6 10 6
15
1 1 2
2 2 5
2 3 5
2 1 7
1 6 6
1 3 7
1 3 6
1 4 7
2 3 6
2 4 6
2 3 7
2 1 6
2 2 3
2 4 5
1 1 3
3
6 8 6
7
2 1 1
1 2 2
2 2 2
1 1 2
2 2 3
2 1 2
2 3 3
9
8 6 4 3 7 9 2 9 4
19
1 5 5
2 3 9
2 6 8
1 2 4
1 3 4
1 3 9
1 3 3
1 2 5
2 2 4
2 5 5
2 3 5
1 1 5
1 8 9
2 2 8
2 3 6
2 2 7
1 6 7
1 2 5
1 2 4
2
7 2
5
1 1 2
1 1 1
2 1 2
2 1 2
1 1 1
4
3 9 5 1
9
2 2 3
1 1 4
2 2 4
1 2 4
2 1 1
2 1 3
1 2 4
2 1 4
2 1 2
2
1 7
5
1 1 2
2 1 2
1 1 2
2 2 2
2 1 1
7
3 2 3 2 4 7 2
15
2 2 7
1 2 4
1 3 5
1 1 3
1 2 5
2 2 5
2 1 6
1 2 7
1 3 6
1 4 4
1 2 7
1 3 5
2 1 4
2 3 4
2 4 5
5
8 2 10 8 2
11
1 1 3
2 1 5
2 2 5
1 2 4
1 5 5
2 2 3
2 3 4
1 2 5
1 2 5
2 2 4
1 2 4
5
8 8 8 4 6
11
2 2 4
2 3 4
1 1 5
1 3 3
2 1 4
2 2 3
1 1 4
1 5 5
2 3 4
2 2 3
2 2 5
7
10 8 2 2 2 7 5
15
2 2 4
1 3 6
2 5 7
2 5 6
2 3 5
2 1 5
2 1 6
2 1 3
2 2 3
2 4 5
2 3 5
1 1 4
2 3 7
2 6 7
2 2 6
1
2
3
1 1 1
2 1 1
2 1 1
9
3 3 4 10 6 6 8 8 6
19
1 1 5
1 3 4
2 2 6
1 1 9
1 3 9
2 1 5
2 3 7
1 4 5
2 4 6
1 1 2
2 7 7
2 7 9
2 5 7
2 2 8
2 1 2
2 3 3
1 1 8
1 7 8
2 2 7
5
8 2 7 10 1
11
2 3 4
1 2 3
2 1 5
1 2 4
2 1 4
2 2 4
1 2 3
2 2 5
1 3 5
2 3 4
1 2 4
6
4 3 3 5 7 8
13
1 1 6
1 3 3
1 2 5
2 1 5
1 1 3
1 5 6
1 4 4
1 1 4
2 2 5
2 3 5
2 2 3
2 4 4
1 4 4
9
10 8 4 6 9 2 8 3 8
19
2 3 7
1 7 8
2 1 4
1 9 9
1 6 8
1 2 4
1 1 6
1 3 6
2 9 9
2 8 8
2 4 7
2 3 4
2 3 4
2 5 7
1 2 3
1 7 9
2 3 5
1 4 7
2 7 8
6
9 2 8 3 10 10
13
2 3 4
2 3 5
2 5 6
2 1 2
2 1 3
1 1 2
1 1 4
1 2 4
1 1 4
2 3 5
2 6 6
2 4 5
1 3 4
6
4 8 9 3 5 8
13
1 2 6
2 5 6
2 1 2
2 1 4
2 1 3
1 2 4
1 1 3
2 4 6
2 2 4
2 3 3
1 3 6
1 1 3
2 1 6
4
8 2 7 4
9
1 3 4
1 1 1
1 2 4
1 1 2
1 1 3
1 1 3
2 1 2
2 3 4
1 2 3
7
2 1 9 9 10 1 6
15
1 3 6
2 3 6
2 6 7
1 4 7
1 2 3
1 6 6
1 4 6
1 1 4
1 4 5
2 1 2
2 1 5
1 1 3
2 1 3
2 5 6
2 1 1
2
6 10
5
2 1 2
2 1 1
2 1 2
2 1 2
1 1 2
6
6 9 10 2 5 10
13
2 1 2
2 2 6
1 1 2
2 5 6
2 2 4
1 5 6
1 1 3
1 1 4
1 2 5
1 1 1
2 3 3
1 2 4
1 2 6
6
4 5 7 5 6 7
13
1 1 6
1 2 4
2 2 6
2 4 4
2 3 6
2 5 6
2 5 5
2 6 6
1 4 6
1 2 6
1 2 4
1 1 4
2 2 3
10
10 2 1 8 4 4 8 3 5 4
21
2 1 2
1 1 8
1 4 6
1 4 4
2 7 10
2 3 10
2 6 6
2 1 3
1 3 9
2 9 10
1 1 10
2 4 8
2 3 4
1 7 10
2 2 7
1 1 3
2 5 8
1 8 10
1 8 9
1 2 3
1 5 9
10
5 7 6 9 7 6 3 2 2 4
21
1 3 4
2 5 9
1 3 5
1 5 10
2 1 5
2 3 4
1 1 10
2 5 6
2 3 4
2 4 6
1 5 9
2 5 10
1 6 7
2 1 5
1 6 7
2 4 10
1 4 5
2 5 7
2 3 3
1 1 2
2 3 5
9
4 6 8 6 8 9 9 7 8
19
1 4 8
1 7 8
1 5 6
2 3 9
1 1 8
2 3 3
2 3 9
1 7 9
1 4 6
2 1 8
1 5 7
1 1 5
1 7 7
2 3 8
2 4 7
2 1 6
2 8 9
2 3 3
2 6 8
9
7 5 4 2 4 4 1 6 8
19
1 8 8
1 1 3
2 1 2
1 4 7
1 5 5
1 7 7
1 1 6
1 4 7
1 1 9
1 9 9
1 4 4
1 3 9
1 4 9
1 7 7
1 3 9
1 4 5
2 3 4
1 2 7
1 2 2
4
8 7 4 9
9
2 1 4
1 1 2
1 1 1
2 1 4
2 3 4
2 1 2
2 2 4
1 1 3
1 2 3
7
9 5 10 8 8 3 10
15
1 4 7
2 3 7
1 4 7
2 2 7
2 7 7
2 1 6
2 1 7
2 2 3
2 3 6
1 3 3
2 1 2
1 5 6
1 3 7
2 4 7
2 4 5
4
2 9 3 4
9
2 1 4
1 1 2
2 3 4
1 4 4
2 1 2
1 1 4
1 3 4
1 2 3
2 2 3
6
2 6 10 6 9 5
13
2 1 6
2 2 4
2 1 4
2 6 6
1 1 6
1 2 3
1 1 6
2 3 5
1 3 6
2 5 6
1 4 6
2 1 2
1 2 5
1
10
3
2 1 1
1 1 1
1 1 1
4
7 10 1 8
9
1 3 3
2 4 4
2 2 3
2 1 4
1 3 4
1 4 4
2 1 1
2 3 4
1 1 3
5
10 4 10 7 2
11
2 1 4
1 5 5
2 2 3
2 1 1
2 2 5
2 1 2
2 3 5
1 3 4
2 1 3
2 3 3
2 1 5
9
6 4 9 3 2 7 1 10 4
19
1 5 8
1 3 8
2 6 8
2 1 5
1 7 7
2 2 6
1 3 3
1 1 6
2 8 9
1 4 7
1 1 4
1 1 4
1 7 9
2 3 7
2 7 9
1 2 2
1 6 6
1 2 5
2 7 8
5
7 8 7 2 3
11
1 1 1
2 3 5
1 5 5
1 1 3
1 1 5
1 2 3
1 2 3
2 1 2
1 2 3
1 4 5
2 1 3
5
10 2 1 6 8
11
1 2 5
1 4 5
1 4 5
2 2 4
2 1 5
2 2 4
2 1 5
1 5 5
2 1 2
1 2 4
1 2 5
4
8 8 9 10
9
2 3 4
1 3 3
2 2 4
2 2 4
2 1 3
2 4 4
2 3 3
2 1 3
1 1 3
9
1 1 7 4 8 5 5 7 4
19
2 1 6
1 1 4
2 7 8
2 6 6
1 2 7
2 2 9
1 3 5
1 7 9
2 3 7
2 2 3
1 2 4
1 1 5
1 5 8
1 7 8
2 6 7
2 7 8
2 3 5
2 1 9
2 4 5
6
8 8 1 9 8 6
13
1 1 5
2 4 5
2 3 4
1 1 3
1 1 2
2 1 6
1 4 5
2 1 4
2 1 4
1 2 3
2 4 5
2 4 5
2 2 3
2
9 7
5
2 2 2
2 2 2
2 1 2
1 2 2
2 1 2
9
10 5 1 5 8 2 10 7 3
19
2 7 8
1 6 6
1 7 8
1 6 6
1 3 8
2 5 6
1 3 6
2 1 3
1 3 7
2 2 7
1 7 9
1 3 3
2 2 9
1 1 6
1 3 5
2 1 9
1 9 9
2 2 2
2 7 9
5
6 2 10 9 3
11
2 2 3
2 5 5
2 1 5
2 1 5
1 1 4
1 2 5
1 2 5
2 1 1
2 1 4
1 3 5
1 2 5
5
2 9 4 2 7
11
1 2 3
1 1 2
1 2 4
1 1 3
1 2 5
1 2 3
1 3 3
1 3 4
1 1 5
1 1 4
1 1 1
9
7 10 4 7 8 10 9 5 1
19
1 5 9
2 1 7
1 6 8
1 7 8
1 1 4
1 5 6
2 2 9
1 7 8
2 2 3
2 1 4
1 2 9
1 8 9
2 5 7
1 5 8
1 3 9
2 9 9
1 3 7
2 4 9
1 4 9
3
1 2 6
7
1 1 2
2 3 3
2 2 3
1 2 3
2 3 3
2 2 3
1 1 1
5
7 4 2 5 10
11
1 2 5
2 1 5
1 1 5
2 3 4
1 3 5
1 1 3
1 5 5
2 1 2
2 1 4
2 3 4
2 4 5
6
9 6 8 3 9 2
13
2 4 4
1 5 6
1 6 6
2 3 3
2 4 6
2 3 6
2 4 6
1 4 4
1 1 3
1 2 4
2 1 1
2 2 6
2 3 5
4
3 7 10 7
9
2 3 4
1 1 1
2 3 4
2 3 4
2 1 2
2 1 4
2 2 2
2 2 2
1 2 3
4
4 2 9 5
9
1 3 4
2 1 2
2 1 4
2 2 3
1 2 3
2 2 2
1 2 3
1 2 2
2 2 3
2
5 8
5
1 1 2
1 2 2
1 2 2
2 1 2
2 1 2
8
6 4 5 2 8 6 10 5
17
2 1 4
2 4 8
1 4 4
1 3 4
2 5 7
2 3 8
1 8 8
1 5 6
2 1 5
1 1 7
2 4 6
1 1 6
1 4 6
2 5 5
2 5 8
2 4 7
1 6 6
3
10 9 7
7
1 2 3
2 1 1
2 1 2
2 1 1
1 3 3
1 2 3
1 1 2
8
4 6 2 6 7 6 7 3
17
1 3 6
2 5 8
2 3 7
2 4 8
1 4 5
2 2 6
2 4 6
2 1 7
1 5 5
1 3 8
1 2 8
1 2 4
2 1 5
2 3 8
1 5 6
2 4 4
2 6 7
9
2 2 7 4 5 5 10 9 10
19
2 1 3
2 6 8
2 1 1
2 5 7
2 5 6
2 3 5
1 3 4
1 2 2
1 3 8
1 1 7
1 1 1
2 7 7
1 5 6
1 2 8
1 1 7
2 4 5
2 2 8
1 6 7
2 8 9
8
5 6 3 5 3 3 3 1
17
2 4 6
1 2 6
1 4 4
1 3 5
1 3 5
1 1 3
2 2 5
1 1 8
2 4 4
1 2 6
2 4 8
1 4 4
2 3 5
2 2 2
1 5 8
1 3 5
1 6 7
4
8 7 1 3
9
2 1 3
2 1 4
1 2 3
1 3 4
2 2 3
2 2 4
1 1 3
1 1 1
2 1 3
3
9 10 4
7
1 2 2
1 3 3
1 2 3
1 2 2
2 1 3
2 1 3
2 2 2
7
3 4 8 9 2 5 1
15
1 1 4
2 3 7
1 2 2
2 1 5
1 6 7
1 5 6
2 2 4
2 2 3
2 1 5
1 2 4
2 4 4
2 2 3
1 4 6
1 3 7
2 4 6
4
4 5 10 9
9
2 1 2
2 2 3
1 3 4
1 2 4
1 3 4
2 3 3
2 2 3
2 2 4
1 3 3
7
7 6 7 7 4 3 1
15
1 7 7
1 2 5
1 5 7
2 4 6
2 3 7
1 3 3
1 2 2
1 1 4
1 3 6
1 6 7
1 1 6
2 2 7
1 1 2
2 4 5
2 2 5
7
6 7 6 7 4 3 1
15
2 5 5
1 5 6
2 3 5
2 4 6
1 2 3
1 2 7
2 5 6
2 1 7
1 1 5
1 3 5
2 4 5
1 6 7
2 3 4
2 1 3
2 3 3
6
9 10 7 10 8 2
13
2 1 6
1 1 4
2 2 6
1 4 4
2 2 4
2 3 5
1 2 4
2 2 5
2 5 6
2 1 3
1 2 3
1 1 2
1 4 5
9
10 4 7 10 4 4 9 4 8
19
1 2 2
1 3 9
2 3 4
2 5 8
2 4 6
1 3 9
2 2 3
1 2 6
1 2 5
2 8 9
1 2 9
1 3 7
1 1 9
2 2 2
2 6 9
2 2 2
1 1 7
2 6 9
2 1 8
9
6 6 5 9 3 2 5 7 9
19
2 4 5
1 7 8
1 1 1
1 1 5
2 8 8
1 1 3
1 3 6
2 4 7
2 3 9
2 3 5
2 6 7
1 1 6
1 4 8
2 3 7
1 1 4
2 1 3
2 3 3
1 4 8
2 1 3
5
5 1 3 5 2
11
1 5 5
1 1 4
1 1 3
1 2 5
2 2 5
2 1 2
2 2 3
2 3 4
2 2 2
1 1 2
2 2 2
7
10 10 2 8 5 10 6
15
2 6 7
2 3 4
1 3 4
2 2 6
2 3 5
2 3 3
2 3 6
1 7 7
2 1 2
2 4 5
2 1 2
1 2 5
1 1 3
1 2 3
1 5 7
10
5 10 2 10 8 5 1 4 9 10
21
1 6 8
1 10 10
1 3 7
1 3 5
1 1 4
1 1 9
1 7 8
2 3 9
1 6 7
1 2 7
1 5 6
2 5 5
2 3 10
1 2 8
2 1 4
1 2 2
2 5 7
1 6 8
1 3 3
2 1 7
1 8 8
2
10 3
5
2 2 2
2 2 2
1 2 2
2 2 2
2 2 2
5
7 4 9 7 3
11
1 2 5
1 3 3
1 1 1
1 1 4
2 3 5
1 3 5
2 3 4
1 2 2
1 1 3
2 2 5
1 3 5
3
4 6 1
7
2 2 3
1 1 1
2 2 3
2 3 3
2 3 3
1 3 3
1 3 3
3
4 1 3
7
1 1 1
1 2 3
2 1 1
1 1 3
1 1 1
2 3 3
1 1 3
4
8 5 4 3
9
2 1 3
1 2 4
1 1 1
2 3 4
1 1 2
1 2 3
1 2 4
1 2 4
2 1 1
3
8 10 10
7
1 2 3
2 1 1
1 1 3
1 1 1
2 1 1
1 1 3
1 1 2
6
3 5 1 6 9 7
13
2 5 6
2 3 4
2 1 6
2 2 4
1 3 5
2 1 3
2 2 4
1 1 2
1 3 4
1 1 2
2 2 3
2 3 4
1 1 3
2
5 9
5
2 2 2
1 1 1
2 1 1
2 1 2
2 1 2
7
2 1 1 3 3 4 1
15
2 2 3
2 5 6
2 1 7
2 1 2
1 2 7
2 4 7
1 1 7
1 5 7
1 5 5
1 3 6
1 1 3
2 6 6
1 4 7
1 5 7
2 3 5
6
10 10 9 2 5 2
13
2 2 6
2 2 3
2 1 4
1 2 4
2 2 3
1 6 6
1 1 2
2 5 6
1 1 4
1 1 6
1 2 2
2 2 3
1 6 6
2
10 3
5
2 1 2
1 1 2
2 1 2
2 1 1
2 1 1
8
7 2 7 8 3 7 2 6
17
2 1 2
2 5 5
1 2 3
2 1 5
1 2 5
1 1 8
1 1 5
2 5 8
2 3 6
2 1 6
2 6 7
1 5 8
1 4 6
2 7 8
2 2 7
2 5 8
2 4 5
2
5 10
5
2 2 2
2 2 2
1 1 2
2 1 2
2 2 2
7
6 2 3 6 6 1 2
15
1 2 7
2 5 6
1 3 4
1 1 3
1 2 6
1 6 7
2 4 4
2 6 7
1 1 7
2 4 5
1 4 6
2 1 6
2 4 6
2 1 5
2 3 6
10
6 8 1 2 1 10 5 9 6 10
21
1 4 8
1 1 9
2 5 10
2 6 8
2 5 6
1 5 8
2 1 5
2 10 10
2 5 6
2 3 8
2 8 9
2 4 10
2 1 7
2 3 3
1 5 9
2 8 10
2 5 9
1 8 9
1 7 8
1 3 10
1 4 6
6
5 5 10 4 8 4
13
2 3 6
1 4 6
2 3 5
2 2 6
1 1 4
1 2 6
2 1 2
1 2 6
2 1 2
2 3 4
2 2 5
1 5 5
1 1 4
8
10 4 1 7 6 4 7 7
17
2 5 7
2 2 6
1 1 5
1 7 7
2 5 7
1 3 6
1 1 3
2 1 3
1 5 8
1 4 8
2 7 8
2 7 8
2 3 5
1 4 7
1 6 7
2 2 7
2 6 8
5
5 3 9 10 1
11
2 4 5
1 4 5
1 4 5
2 5 5
2 1 2
1 3 3
1 1 2
2 2 5
2 4 5
1 1 5
2 2 4
10
6 2 1 9 8 2 9 7 5 9
21
2 5 9
1 9 10
1 1 6
1 6 10
1 1 6
1 1 3
1 5 6
1 9 10
2 6 8
2 6 10
2 1 3
2 9 10
1 4 4
1 4 10
2 5 6
2 4 4
1 5 9
1 5 10
2 4 6
2 8 9
1 4 10
4
3 4 9 6
9
2 2 3
1 1 3
2 1 3
1 2 3
2 3 4
2 1 2
1 1 3
2 2 3
2 1 2
5
9 8 9 10 9
11
2 1 4
2 1 5
2 1 3
1 2 4
1 1 1
2 1 2
2 1 5
1 3 5
2 1 3
2 1 1
1 3 5
2
8 9
5
2 1 2
2 1 2
2 2 2
2 2 2
2 1 1
3
3 9 6
7
2 1 2
2 1 2
2 1 3
2 1 1
2 1 3
2 1 2
1 1 2
5
2 6 9 10 4
11
2 4 5
1 2 2
1 1 4
2 4 5
2 4 5
2 3 3
2 4 4
2 2 2
1 3 5
2 1 1
2 2 4
3
8 9 2
7
1 1 3
2 3 3
2 2 2
1 1 2
1 1 2
2 1 1
1 2 3
10
8 1 8 4 6 8 3 5 3 7
21
1 2 4
1 2 8
1 3 7
1 2 5
1 7 10
2 1 1
1 4 4
2 2 10
2 7 10
1 1 2
2 4 5
1 5 5
2 1 10
2 2 5
1 1 6
2 7 10
2 7 9
2 6 7
2 9 9
2 8 9
1 8 9
2
8 5
5
1 1 2
1 1 1
1 1 1
1 2 2
2 1 2
2
8 6
5
1 1 2
2 2 2
2 1 1
2 1 2
1 1 2
9
5 8 1 2 2 8 5 4 9
19
1 4 5
1 4 4
1 4 4
2 1 4
1 5 7
2 1 3
2 3 8
1 1 3
2 1 9
2 3 6
1 3 6
1 4 7
1 2 7
2 1 6
1 3 4
1 6 9
1 4 7
2 1 3
2 1 6
10
7 5 3 7 5 8 7 4 3 9
21
1 2 6
1 4 4
1 5 8
2 2 9
1 9 9
1 6 10
1 3 6
2 3 4
1 4 7
2 4 9
1 2 8
1 5 8
1 2 4
1 7 7
1 7 10
2 3 6
1 1 2
2 1 7
2 1 5
1 5 8
2 1 3
8
7 6 1 8 7 3 8 5
17
2 3 5
1 4 5
1 2 8
1 4 4
2 6 7
2 1 6
2 6 8
2 2 8
2 3 5
1 1 8
2 4 6
1 4 6
2 2 6
1 5 5
1 1 6
2 1 7
1 2 3
5
10 7 2 6 4
11
1 3 5
1 2 3
2 4 4
2 3 4
1 2 3
2 3 3
1 5 5
2 3 5
2 1 2
2 2 2
1 4 5
3
1 7 4
7
1 1 3
1 2 2
1 1 2
1 1 1
1 2 3
1 2 3
1 2 2
6
6 4 1 5 4 8
13
2 3 5
1 3 3
1 3 5
2 3 6
2 1 6
1 2 6
2 2 2
2 1 1
1 4 6
1 1 1
1 4 4
1 1 6
1 4 5
10
5 5 6 5 10 4 7 9 6 2
21
1 6 9
2 1 7
1 2 3
2 2 4
2 7 8
2 5 6
1 7 8
1 2 6
2 6 9
1 2 2
1 3 8
2 1 10
1 1 10
2 4 6
1 2 3
1 5 10
2 2 3
2 2 7
2 2 10
1 3 7
2 2 5
7
5 2 10 5 7 4 9
15
1 3 3
1 4 6
1 4 6
1 5 6
2 1 7
1 6 6
2 3 3
1 5 6
2 6 7
1 3 7
2 5 5
1 1 3
2 2 6
2 1 7
2 1 7
10
10 3 2 4 1 6 7 3 2 10
21
1 3 3
1 3 10
1 2 6
2 5 6
2 7 10
1 1 7
1 1 3
2 5 8
2 2 5
2 7 8
1 6 8
2 8 10
2 6 10
1 7 7
1 4 8
2 8 9
1 5 10
1 1 3
2 7 8
2 8 10
2 6 8
10
2 1 1 9 4 2 3 1 7 5
21
1 7 8
2 7 10
1 2 8
2 2 8
2 5 5
2 1 8
2 4 9
2 6 9
2 6 7
1 3 9
2 2 7
2 8 9
1 5 7
2 1 6
2 6 7
1 4 5
1 2 10
2 8 9
1 7 7
2 4 8
1 2 10
10
4 9 10 6 9 1 4 1 8 4
21
2 6 7
2 3 6
2 7 9
1 2 5
2 7 10
2 9 10
1 5 8
1 3 6
1 2 10
2 3 6
1 9 10
2 8 10
1 3 3
1 3 3
2 9 9
2 2 7
1 5 5
2 8 10
1 4 7
2 3 4
1 7 9
4
9 2 5 8
9
2 4 4
2 3 3
1 2 4
2 4 4
2 3 4
1 1 3
1 3 4
2 1 3
2 1 3
7
6 7 3 2 7 3 10
15
1 1 3
1 2 6
2 1 5
1 3 4
1 2 6
2 3 6
2 1 2
1 4 7
1 1 7
1 6 6
2 2 4
2 2 5
1 4 5
2 3 5
1 1 4
2
4 8
5
1 1 1
1 1 2
2 2 2
1 1 1
1 2 2
10
3 1 10 5 7 6 2 7 5 2
21
1 7 10
2 5 5
2 6 9
2 8 9
1 6 9
2 6 8
2 2 9
1 3 6
2 3 5
1 4 6
1 4 5
1 3 9
2 3 8
1 3 8
2 2 2
2 5 10
2 6 8
1 4 4
1 6 10
1 3 10
2 4 4
5
7 8 2 1 7
11
1 2 3
1 3 4
1 4 4
1 1 3
2 3 5
2 2 3
2 3 4
1 3 4
1 3 4
2 1 2
2 1 1
2
8 6
5
1 2 2
1 1 2
2 2 2
1 2 2
1 1 2
7
2 3 5 8 1 9 10
15
2 4 6
1 4 5
1 4 6
1 1 5
1 1 7
2 2 3
2 3 4
1 2 5
1 1 5
2 5 5
1 1 7
1 1 5
1 3 6
1 3 7
1 2 6
3
6 1 5
7
2 2 3
2 1 3
1 1 2
2 1 3
2 1 1
1 2 3
1 3 3
6
4 4 4 8 2 6
13
2 5 6
2 5 6
1 3 5
2 1 4
2 2 3
2 1 4
1 6 6
1 3 6
2 1 4
1 1 2
2 1 4
1 5 5
2 5 6
2
9 4
5
1 1 2
1 1 2
1 1 2
2 2 2
2 2 2
5
3 2 6 6 6
11
2 3 5
2 1 3
1 1 1
1 2 4
1 3 4
2 1 5
1 1 3
1 2 3
2 2 5
2 2 2
1 1 4
7
7 6 3 5 3 4 7
15
1 4 4
2 2 7
2 4 7
2 1 4
2 5 5
1 1 2
1 1 3
2 1 4
2 4 5
2 1 3
1 3 7
1 6 7
1 6 7
2 1 7
2 3 7
10
6 1 3 5 6 1 8 9 10 1
21
2 8 10
2 1 9
1 4 5
1 3 3
1 3 7
2 3 10
2 9 10
1 5 8
1 4 5
2 3 7
1 3 8
1 8 10
2 6 9
1 4 6
2 1 10
1 4 5
2 6 10
1 5 8
2 6 8
1 4 9
1 3 8
5
10 9 2 3 9
11
2 1 4
2 2 3
1 3 3
1 3 3
1 3 4
1 1 1
1 4 5
2 1 4
1 1 4
2 1 2
1 1 5
10
1 3 8 7 1 3 4 4 2 9
21
1 5 7
1 2 5
1 6 8
2 3 3
2 4 9
2 1 8
1 5 9
1 3 6
1 5 7
1 3 7
2 9 9
2 3 9
2 8 8
2 4 8
1 3 9
1 7 10
2 4 5
1 1 8
1 8 9
2 2 3
1 2 5
6
4 9 4 7 7 7
13
2 2 3
1 4 6
2 3 5
1 1 2
2 2 3
1 3 6
1 2 6
2 4 5
2 5 5
1 1 6
1 2 3
1 1 2
2 4 6
6
4 6 4 5 9 5
13
1 4 5
2 1 4
2 2 4
1 4 5
2 3 5
1 2 2
1 1 1
1 2 5
1 3 3
2 4 5
1 1 6
2 4 4
2 6 6
10
1 10 7 9 7 2 2 6 7 7
21
1 8 10
1 7 8
2 1 3
2 1 2
1 2 6
2 3 8
2 3 5
2 1 5
2 1 3
1 3 5
2 4 9
1 5 7
2 6 10
1 2 6
2 6 6
2 5 9
2 2 3
2 3 6
1 6 9
2 5 10
1 4 10
3
9 6 7
7
2 1 3
1 2 3
2 1 3
1 1 1
2 1 3
1 1 3
2 1 2
6
5 2 7 9 1 2
13
2 4 4
1 3 5
1 1 6
1 3 6
2 2 2
2 5 5
1 3 4
2 1 1
2 1 6
1 1 5
2 4 6
2 2 5
1 3 6
6
5 7 10 1 5 2
13
2 3 5
2 3 3
2 1 3
2 3 5
1 1 2
1 3 5
1 2 6
1 2 5
2 3 4
2 4 6
1 5 5
1 1 5
1 2 4
2
10 9
5
2 2 2
2 2 2
2 1 2
1 1 2
2 1 2
4
8 6 5 1
9
1 1 1
1 1 4
2 1 1
1 1 4
1 2 3
1 1 4
1 1 4
2 3 3
1 2 3
3
1 8 8
7
2 2 2
2 1 1
2 2 3
1 1 2
1 1 3
2 1 1
2 1 3
3
1 4 3
7
1 1 3
2 3 3
2 1 2
2 1 3
2 1 3
2 1 2
1 2 3
4
9 1 10 9
9
2 2 4
2 2 3
1 1 1
1 1 1
1 1 3
2 3 4
2 2 2
2 1 4
1 3 4
3
1 7 4
7
2 1 1
2 2 2
2 3 3
2 2 3
2 2 3
2 2 2
1 3 3
5
10 8 4 7 5
11
1 1 1
2 1 1
1 3 4
2 1 3
2 1 4
1 2 4
1 1 5
2 1 5
2 4 5
1 2 4
1 2 2
4
5 1 7 7
9
1 1 3
1 3 4
1 1 4
1 3 4
2 2 4
2 2 3
2 2 4
2 4 4
1 2 2
6
1 8 3 4 4 1
13
1 2 5
1 2 3
2 4 5
1 2 4
2 1 5
1 3 3
1 4 6
2 2 4
2 4 6
1 1 5
2 1 5
2 1 6
2 3 5
9
8 8 6 9 6 5 10 4 10
19
1 1 8
1 1 2
1 7 8
1 6 8
1 8 8
2 6 6
1 1 9
1 6 9
1 8 9
1 1 3
2 4 6
2 1 7
1 1 2
1 2 6
1 6 6
1 3 4
2 2 4
1 6 8
2 1 3
7
7 2 8 7 10 8 6
15
1 6 7
2 3 5
1 3 7
2 5 6
1 1 6
1 2 3
2 7 7
2 4 6
1 2 6
1 1 2
2 1 2
1 1 1
2 2 4
1 4 5
2 5 6
8
4 9 5 9 2 6 9 6
17
2 3 6
1 3 6
1 4 5
1 1 8
2 1 2
1 4 4
1 3 6
1 4 6
1 1 6
2 3 6
1 7 7
2 1 8
2 1 7
2 2 4
2 8 8
2 5 7
2 1 6
2
2 8
5
1 2 2
1 2 2
2 1 2
1 1 2
1 1 2
4
10 5 7 10
9
1 2 2
1 2 4
1 1 3
1 2 4
2 4 4
1 4 4
1 1 3
1 1 2
2 3 4
2
1 3
5
1 2 2
1 2 2
2 1 2
1 2 2
2 1 2
10
3 9 1 10 1 6 8 3 1 3
21
1 7 10
2 2 9
1 4 6
2 5 8
1 1 9
1 6 10
1 7 9
1 2 2
1 1 2
2 5 5
2 3 10
1 2 10
2 2 9
2 1 10
2 2 10
1 3 8
2 2 7
1 3 9
1 3 10
2 4 6
2 2 8
3
8 4 4
7
1 2 2
1 1 3
2 1 3
1 1 1
2 1 3
2 1 2
1 2 3
4
3 8 9 10
9
2 4 4
1 2 3
1 1 3
2 1 2
1 1 3
2 1 2
2 1 4
2 2 4
1 1 2
7
4 8 2 1 6 1 1
15
2 4 5
2 1 5
1 1 2
1 4 6
2 1 1
1 3 6
1 2 6
2 2 7
1 4 7
2 4 5
1 4 4
1 6 7
1 3 3
2 3 7
2 4 5
9
6 9 9 4 1 3 3 6 1
19
1 4 9
2 1 6
1 6 9
1 7 7
2 4 8
1 5 6
1 2 8
1 3 9
1 1 8
2 2 4
2 2 3
2 1 7
1 1 5
1 3 7
1 5 7
1 5 7
1 3 7
1 2 2
1 8 8
2
4 1
5
1 1 2
2 1 2
1 1 1
2 1 2
2 1 2
10
6 5 8 4 3 4 3 4 6 3
21
1 5 6
2 1 3
1 4 7
2 2 6
2 7 8
1 5 10
2 5 6
1 4 5
2 1 4
1 2 7
1 2 5
1 1 3
1 4 4
2 9 10
1 3 7
2 2 5
2 1 10
2 1 6
1 6 8
2 5 6
2 2 9
9
6 7 10 3 8 5 3 1 5
19
1 1 5
1 1 6
2 1 8
2 5 5
2 1 2
1 3 9
2 1 4
1 3 8
2 1 2
1 3 7
2 1 4
1 2 7
1 2 5
1 3 7
1 7 9
1 2 3
1 3 5
2 1 5
2 5 9
6
5 7 5 10 3 8
13
1 2 4
2 2 6
1 2 3
2 2 4
2 3 6
2 4 4
1 2 5
2 3 6
2 3 4
1 6 6
2 3 6
2 1 4
2 1 6
7
5 2 5 9 3 2 5
15
2 1 4
1 1 6
2 2 4
2 5 6
2 5 7
2 3 7
2 3 7
2 3 6
2 1 2
1 1 4
1 6 6
1 2 6
2 2 6
1 2 2
2 3 6
3
2 2 7
7
2 2 3
1 1 3
2 1 1
2 1 3
1 2 3
2 3 3
1 2 3
9
8 2 2 7 5 4 2 6 6
19
1 4 6
2 1 9
1 1 4
2 3 4
2 2 9
1 4 6
2 7 9
2 3 9
1 2 4
2 1 1
2 4 9
1 4 8
2 3 4
1 3 4
1 3 8
2 7 8
2 4 6
1 4 5
1 4 4
2
1 2
5
2 2 2
2 1 2
1 1 2
2 1 2
1 2 2
2
1 9
5
1 1 1
2 1 2
1 1 1
2 1 2
1 1 2
10
9 7 9 7 9 2 1 7 9 5
21
2 8 10
1 5 10
1 6 8
2 4 8
2 2 6
2 4 10
1 2 4
1 5 7
1 4 8
2 4 4
2 3 3
1 2 3
1 4 10
2 5 6
2 2 8
2 7 7
2 5 9
2 3 4
2 5 9
1 3 8
1 3 4
8
2 8 7 5 2 6 2 10
17
1 4 5
1 1 6
2 4 8
2 3 7
1 2 3
1 3 3
1 1 6
1 2 8
1 2 7
1 5 8
1 2 8
1 2 6
2 6 8
1 1 4
1 5 6
1 1 2
2 4 7
6
2 9 1 6 5 4
13
2 2 5
1 3 4
1 1 5
1 4 5
2 1 2
2 4 5
2 2 6
1 4 6
1 2 5
1 3 4
2 2 3
1 1 6
1 3 5
2
5 9
5
1 2 2
1 1 1
1 2 2
2 2 2
1 2 2
4
2 5 5 1
9
2 3 3
2 3 3
2 2 3
1 1 4
1 3 3
1 1 2
1 2 4
1 2 2
1 1 2
2
7 9
5
2 2 2
2 1 2
1 1 2
2 1 1
2 1 2
5
3 7 7 3 5
11
1 3 4
1 2 2
1 4 4
1 1 2
1 1 3
1 2 5
2 4 4
1 2 5
1 1 1
2 3 5
1 3 3
4
6 1 8 10
9
2 2 4
2 1 1
1 1 2
1 2 4
1 2 3
2 1 3
1 3 4
2 3 3
1 3 4
5
3 2 9 4 5
11
2 4 5
1 1 4
2 1 1
2 3 3
1 3 4
1 2 3
1 1 3
1 2 4
2 1 5
2 3 4
2 1 3
5
5 2 9 3 10
11
1 2 3
1 4 5
1 3 4
1 3 4
2 3 4
1 1 4
2 1 1
1 1 5
1 3 5
2 2 2
1 1 3
8
3 7 3 7 1 6 1 10
17
2 2 8
2 2 2
1 2 5
2 3 7
1 5 6
1 1 5
1 1 2
2 5 5
2 4 7
2 5 8
1 3 6
1 1 3
2 5 6
2 1 6
1 7 8
1 2 6
1 1 1
6
4 6 8 1 3 4
13
1 1 3
1 2 5
1 6 6
2 3 4
2 1 5
1 3 6
2 2 4
1 3 5
2 1 1
2 1 3
2 4 4
2 1 4
2 2 4
7
1 5 2 2 8 1 4
15
2 1 5
1 4 7
2 3 6
1 4 7
1 2 4
2 4 6
1 5 7
1 3 3
2 2 2
2 1 3
2 3 7
2 1 7
1 1 7
1 4 5
1 5 6
3
10 3 9
7
2 2 2
1 1 2
2 1 2
2 3 3
1 1 1
2 1 3
2 2 3
4
8 1 4 2
9
1 2 4
1 1 4
2 1 3
2 3 3
2 1 4
1 1 3
2 1 1
2 2 3
1 1 2
4
7 2 9 4
9
2 2 4
2 3 4
1 1 3
1 1 4
2 2 2
1 2 2
1 3 4
1 1 3
2 2 4
3
6 5 8
7
2 2 3
2 2 2
1 2 3
2 1 1
2 3 3
2 1 3
2 1 2
10
6 1 3 2 8 10 1 2 4 5
21
1 3 8
2 7 8
1 2 10
2 3 8
1 1 3
1 7 8
1 1 1
2 2 3
2 5 8
1 2 9
1 1 9
1 6 7
2 1 2
2 5 6
2 3 3
1 4 7
2 2 10
2 4 6
2 1 8
1 3 10
2 3 10
5
1 10 10 6 1
11
2 3 3
2 4 5
2 1 3
2 3 5
1 2 4
1 3 5
1 1 4
2 2 4
2 2 5
2 2 5
2 3 4
8
1 3 6 4 7 5 2 4
17
1 2 5
1 3 4
2 2 3
1 4 8
2 3 3
2 5 7
2 2 6
2 3 5
1 3 4
2 2 5
1 5 6
1 5 7
1 1 8
1 1 8
1 5 7
1 3 4
2 3 6
5
6 7 6 7 6
11
2 3 5
2 1 2
2 4 4
1 3 5
2 3 3
1 1 2
1 4 5
2 3 4
1 1 5
1 2 5
1 1 2
4
5 10 6 4
9
1 2 3
1 1 1
1 2 3
1 1 2
2 1 1
1 2 4
2 2 2
1 2 4
2 3 4
5
3 3 1 5 1
11
2 2 4
2 5 5
1 5 5
1 1 2
2 5 5
2 3 3
2 1 3
2 1 4
1 4 5
1 1 5
2 5 5
6
8 7 2 10 8 5
13
1 5 6
2 3 6
1 1 3
1 1 6
1 3 4
2 1 3
1 5 5
2 1 5
1 1 4
2 4 5
1 4 4
1 3 5
2 1 6
10
8 8 6 8 7 3 8 4 3 2
21
2 1 5
2 1 8
1 7 8
1 4 9
1 6 7
1 1 2
2 6 7
2 7 10
2 1 4
1 10 10
1 5 7
1 7 9
2 9 10
2 6 9
2 5 7
2 3 7
2 4 6
2 5 9
1 3 7
2 1 3
2 1 3
10
1 2 8 4 10 9 1 2 5 4
21
1 9 9
2 4 6
1 5 6
1 1 2
2 3 9
2 1 4
2 1 5
2 2 3
2 2 7
2 4 7
2 6 10
2 4 9
1 3 8
2 8 9
2 2 3
2 1 3
2 1 7
1 5 8
1 1 2
1 4 4
1 1 2
10
5 9 4 8 7 4 5 7 2 10
21
1 1 8
2 4 7
2 3 7
2 2 4
2 4 6
1 4 7
1 3 4
2 5 6
1 5 6
1 6 9
2 8 10
2 3 4
1 1 3
2 1 7
2 4 8
2 2 4
1 3 6
2 6 8
2 1 10
1 5 10
1 7 8
7
1 4 4 3 4 10 6
15
1 4 7
1 5 7
1 3 5
2 6 7
1 2 4
2 6 7
1 2 5
1 2 4
1 4 5
2 6 6
1 4 5
1 3 5
2 1 7
2 2 4
1 2 5
7
3 9 6 3 5 2 3
15
1 1 1
2 1 1
1 3 7
2 4 4
2 3 7
1 3 3
2 5 7
1 2 6
2 6 6
1 3 3
2 2 7
2 2 6
1 3 4
1 3 6
2 3 7
10
1 6 4 8 2 3 3 4 10 10
21
1 4 5
1 2 10
2 4 5
1 7 9
1 4 6
1 5 7
2 2 5
2 3 10
1 3 5
1 6 10
1 1 3
1 6 7
1 5 10
1 1 1
1 7 8
1 4 10
1 6 9
2 3 4
1 1 9
1 1 7
2 2 2
3
9 1 7
7
2 1 2
2 2 3
2 1 3
1 1 2
2 1 3
2 1 2
1 1 2
8
9 10 8 6 8 8 9 2
17
2 2 8
2 1 3
1 5 8
1 4 8
2 1 5
1 5 7
1 2 6
1 3 4
1 4 8
2 5 6
2 1 6
2 3 8
2 4 8
2 6 8
1 1 6
2 6 7
1 1 7
9
5 2 2 10 2 10 10 8 8
19
2 1 6
2 1 2
1 4 7
1 1 9
1 6 7
1 2 4
2 1 7
2 7 9
1 2 8
1 5 7
2 4 5
1 4 6
1 6 8
2 6 7
1 7 9
2 8 8
2 3 6
1 1 3
1 4 6
9
1 5 7 7 2 1 8 4 3
19
2 3 5
2 5 7
1 8 8
2 5 8
1 3 9
2 6 8
1 4 7
2 2 9
1 5 6
2 3 7
1 3 9
1 2 7
2 1 7
1 3 7
2 4 5
2 7 8
2 1 1
1 1 6
1 1 7
8
9 6 9 6 9 3 5 9
17
2 2 7
2 4 7
2 4 5
1 5 8
1 3 3
1 2 6
1 2 5
1 2 5
1 2 2
1 3 3
2 6 8
2 4 6
1 1 6
2 1 2
2 4 4
2 2 6
1 1 6
4
9 7 5 10
9
2 1 2
2 1 4
2 1 2
2 4 4
1 3 4
2 2 2
2 1 2
1 2 3
1 2 4
5
7 5 9 4 5
11
1 1 2
1 2 4
2 1 2
1 3 4
2 4 5
1 4 5
2 4 5
1 3 5
2 2 4
1 1 5
2 4 4
8
9 7 10 9 6 3 8 7
17
1 3 3
2 7 8
2 6 8
2 1 7
1 3 4
1 4 5
2 2 6
1 4 7
2 5 8
2 1 2
1 3 3
2 4 5
1 6 8
1 6 8
1 2 7
1 6 7
2 2 6
7
7 9 2 8 8 7 3
15
2 4 6
2 1 2
1 2 7
1 3 5
1 3 4
1 2 2
2 1 5
1 3 7
2 4 6
1 2 6
1 2 4
1 3 6
1 4 5
1 3 5
2 1 4
8
2 4 2 9 5 8 6 1
17
1 2 4
2 1 7
1 1 6
1 2 5
2 2 5
2 3 4
2 5 6
1 1 4
1 8 8
2 5 8
2 2 6
1 3 4
1 2 6
2 3 7
1 4 8
2 4 4
2 1 2
7
8 5 5 2 10 1 8
15
2 5 7
1 5 7
1 1 7
1 1 6
2 2 6
1 3 6
1 5 6
2 4 4
1 2 7
2 1 2
1 1 6
1 3 5
1 1 6
1 2 5
1 3 7
6
4 8 1 7 9 1
13
2 5 6
1 2 5
2 2 2
2 3 5
2 4 6
1 1 2
2 1 4
2 1 1
1 3 5
1 1 5
2 3 4
1 6 6
1 1 4
1
4
3
1 1 1
1 1 1
1 1 1
10
4 4 7 4 4 1 10 5 3 6
21
2 3 9
1 3 5
1 7 7
2 9 10
1 2 5
2 8 10
1 6 7
1 1 8
2 2 9
2 2 6
2 5 7
1 6 10
2 6 7
1 4 6
2 4 4
1 1 6
1 7 9
2 5 7
1 7 10
1 1 8
2 5 10
8
2 1 2 5 7 3 7 3
17
2 1 2
2 2 3
1 8 8
1 6 7
1 2 4
2 5 6
1 2 5
1 2 7
2 4 8
2 6 8
2 3 4
2 7 7
1 1 4
2 4 7
1 5 6
1 5 6
2 6 6
8
6 3 9 10 5 7 1 5
17
1 3 5
1 5 5
2 8 8
2 2 6
2 5 8
2 3 8
2 2 2
1 2 4
1 6 8
2 4 6
1 4 6
2 6 7
2 4 4
2 6 7
1 2 8
1 3 5
2 1 5
5
6 9 3 10 6
11
2 4 5
1 3 3
1 1 2
2 4 4
1 1 2
1 4 5
2 3 5
2 2 2
1 2 2
2 2 3
1 1 2
7
5 3 10 8 10 7 7
15
2 2 4
1 7 7
2 3 5
2 7 7
1 1 7
2 4 4
2 5 5
2 6 7
1 1 2
2 1 4
1 1 2
1 2 2
2 3 4
2 4 5
2 4 5
2
1 8
5
2 1 2
1 1 1
2 1 2
1 1 1
1 1 2
6
3 2 7 10 3 10
13
1 2 3
2 2 4
1 2 6
1 3 5
2 1 5
1 4 6
2 3 4
2 4 4
2 3 5
2 1 4
2 2 4
1 2 6
2 2 4
4
7 6 2 2
9
2 4 4
2 2 2
1 3 4
1 3 4
2 1 4
1 1 3
2 1 1
2 1 1
1 2 2
10
10 10 4 2 5 4 10 6 1 5
21
2 6 8
1 3 7
1 8 10
2 7 8
1 8 10
1 3 4
1 7 7
1 2 2
1 2 7
2 4 7
2 4 9
2 1 2
2 5 6
1 1 3
1 5 9
1 5 10
2 2 5
2 6 10
1 1 6
1 1 8
1 4 10
4
9 1 10 7
9
2 2 3
2 2 3
1 3 4
1 1 1
2 3 4
2 1 1
1 3 4
2 2 4
2 2 3
6
6 9 2 9 9 8
13
2 2 3
1 2 4
1 2 5
2 3 4
1 4 5
1 1 3
1 1 4
2 2 3
2 2 6
2 1 3
1 1 5
1 2 3
1 2 3
7
9 9 6 7 1 8 1
15
2 1 2
1 4 5
1 1 2
1 2 2
2 3 5
2 1 2
1 5 6
2 1 4
2 3 7
2 4 7
1 4 6
1 2 5
1 1 4
1 2 4
1 2 3
8
6 9 10 10 4 2 8 1
17
2 4 7
2 1 4
1 1 1
1 2 5
1 5 8
2 2 8
1 1 7
1 2 8
2 4 5
2 1 2
2 3 8
1 3 6
1 2 7
1 2 3
1 4 6
2 2 2
2 4 7
4
5 1 6 9
9
1 1 2
1 3 4
2 1 1
1 2 3
1 4 4
1 1 2
2 2 4
1 1 4
2 1 4
5
6 1 9 5 7
11
2 2 5
1 2 5
1 1 4
2 3 5
1 2 4
1 2 4
2 1 3
1 1 5
2 1 2
1 1 4
1 3 3
7
4 8 8 3 6 5 4
15
1 1 6
1 4 6
2 1 4
2 5 6
1 6 7
1 4 7
1 3 4
2 4 6
1 4 5
1 3 5
2 3 3
1 5 7
1 5 6
1 5 7
1 5 6
4
10 6 10 5
9
2 3 4
2 1 1
2 1 4
1 1 3
1 2 3
1 2 3
2 1 3
1 2 3
1 3 4
8
10 7 3 7 1 6 3 7
17
1 5 8
2 1 3
1 3 4
1 3 8
1 2 8
1 2 8
2 4 7
2 5 6
2 7 8
2 4 5
2 1 6
1 8 8
1 5 6
2 3 5
1 4 6
1 3 4
2 4 8
9
3 9 5 3 2 10 5 4 5
19
2 8 9
1 3 4
1 2 9
1 1 4
1 1 9
1 3 4
1 5 7
1 1 6
1 3 8
1 7 8
1 2 5
2 3 9
2 2 3
1 1 4
2 3 7
2 9 9
1 7 8
2 5 6
2 1 1
8
3 4 7 4 1 2 4 4
17
1 4 7
2 1 5
2 4 8
2 1 4
1 2 3
1 5 8
1 2 7
2 4 8
1 5 8
2 7 8
1 2 3
2 1 4
2 7 8
2 2 4
2 1 3
2 1 1
1 1 3
6
9 3 4 3 6 10
13
2 1 3
1 3 4
2 2 5
1 2 6
1 4 5
2 2 5
2 4 5
2 5 6
2 1 2
1 2 5
2 2 6
2 1 1
2 5 6
5
1 8 2 6 3
11
1 1 5
2 5 5
2 1 4
1 3 4
1 1 2
1 2 5
1 2 4
1 2 3
1 4 5
2 3 5
2 1 4
5
8 10 4 7 4
11
2 2 5
1 1 5
1 2 3
2 1 2
2 1 5
2 3 4
1 1 3
1 1 1
1 4 5
2 4 4
1 5 5
7
3 5 1 1 6 1 1
15
1 6 7
1 2 4
2 3 6
2 1 5
1 3 4
2 7 7
2 1 1
2 2 7
1 2 7
1 4 5
1 1 5
2 6 6
2 2 4
2 1 4
2 1 6
6
8 5 3 4 8 6
13
1 1 6
1 2 4
2 2 3
1 4 5
2 3 5
1 1 1
1 3 6
2 4 4
2 1 5
1 1 1
2 2 4
1 3 6
2 2 3
4
10 5 5 4
9
1 1 2
1 4 4
2 2 4
2 1 3
2 3 3
1 2 3
1 3 4
1 3 3
1 1 1
4
1 8 2 1
9
2 4 4
2 1 4
1 4 4
2 4 4
2 1 3
2 1 3
1 2 2
2 2 3
1 2 2
7
7 2 5 2 2 9 10
15
2 3 7
2 3 6
1 6 7
2 1 2
2 1 4
1 6 6
2 2 4
1 2 2
1 2 3
2 2 7
1 4 7
2 2 7
2 5 6
2 4 7
2 2 7
3
2 8 4
7
1 1 2
1 3 3
2 3 3
1 1 3
1 1 2
2 1 3
2 2 2
5
1 3 4 1 6
11
1 1 5
2 4 4
1 3 5
2 2 2
1 2 3
1 1 2
1 1 5
2 4 5
2 1 4
1 2 5
1 3 4
5
8 5 6 2 6
11
2 2 5
2 1 2
1 4 4
2 1 4
2 1 1
1 3 4
1 2 4
2 1 2
2 3 4
1 1 2
1 2 3
5
2 3 6 2 7
11
2 1 2
1 1 2
1 1 3
2 1 4
2 4 5
1 3 4
1 1 2
2 3 4
2 1 4
1 2 5
1 1 4
10
5 2 9 6 7 8 4 10 1 10
21
1 4 6
1 1 5
2 4 4
1 1 9
2 6 7
2 1 2
1 4 6
2 3 4
2 8 8
1 7 8
2 2 8
1 6 10
2 6 8
2 2 7
2 4 5
1 2 9
2 8 9
2 6 6
2 2 4
1 5 6
2 3 4
7
7 10 3 1 10 5 9
15
2 3 6
2 3 6
1 4 5
1 2 3
2 2 6
2 3 4
2 1 3
2 3 7
2 3 7
2 6 6
1 3 5
2 2 3
1 2 7
2 2 5
2 6 7
8
10 9 4 4 6 1 4 3
17
1 1 2
1 6 6
2 4 5
1 2 7
1 7 8
2 4 4
1 3 6
2 4 5
2 6 8
1 1 7
1 3 5
1 1 8
2 2 5
2 5 6
2 1 3
2 1 3
2 5 8
5
5 7 5 6 8
11
1 3 5
1 2 3
2 2 4
1 3 5
1 1 4
2 1 4
1 2 4
2 4 5
2 3 4
2 1 3
2 1 2
2
7 2
5
1 1 2
2 1 2
2 1 2
2 1 2
1 1 1
9
3 10 7 1 9 3 1 8 1
19
2 2 8
2 2 9
2 1 7
2 5 6
2 4 6
2 5 8
2 1 7
1 1 1
1 5 9
1 6 7
2 3 7
1 3 9
1 4 6
1 2 4
2 4 5
2 6 8
1 2 2
2 1 5
1 1 4
10
1 2 4 3 6 8 3 4 3 8
21
1 3 10
1 7 9
2 4 6
2 1 8
2 2 2
1 3 10
1 1 2
2 1 2
2 8 10
1 1 5
1 4 6
1 6 7
2 4 7
2 8 9
2 4 10
1 2 10
1 8 8
1 3 8
2 2 10
1 7 9
2 8 9
4
3 5 10 7
9
2 2 4
2 1 4
2 1 2
2 2 3
1 1 1
1 3 3
2 1 3
1 1 2
2 1 2
9
1 7 2 2 2 8 3 7 3
19
1 4 9
2 2 5
1 6 6
1 2 8
2 4 6
2 3 8
1 1 9
1 2 3
2 5 7
1 4 8
2 6 7
1 2 9
2 4 7
1 1 3
2 2 9
2 3 6
1 7 7
2 1 4
1 5 7
5
9 5 3 1 5
11
2 3 3
1 3 4
2 4 5
2 4 5
2 2 5
1 2 5
2 2 2
1 2 4
1 4 4
1 2 3
1 2 2
10
10 9 3 10 2 1 10 6 2 2
21
1 4 5
1 8 10
1 5 6
1 3 4
2 2 9
2 1 6
2 3 6
1 8 9
1 1 4
1 4 5
1 8 9
2 2 10
1 4 6
1 1 6
2 5 8
1 4 7
2 2 9
2 5 7
1 4 4
2 7 8
1 1 6
6
5 9 9 9 8 9
13
2 4 5
2 2 2
2 3 4
1 1 6
1 1 6
1 6 6
1 4 6
1 2 3
2 1 4
1 1 3
1 1 4
1 4 5
1 2 2
10
4 10 5 7 3 2 6 6 10 5
21
2 3 5
2 2 7
1 10 10
1 3 7
2 1 4
1 2 5
1 1 9
2 3 7
2 5 7
2 3 9
2 7 8
2 1 8
2 5 8
1 2 6
1 1 3
2 3 5
1 6 6
1 4 4
2 1 4
1 5 6
2 1 3
8
1 3 3 3 4 4 3 5
17
1 6 8
2 7 7
2 1 3
1 6 7
2 5 8
2 3 5
1 8 8
2 3 8
1 4 7
1 3 4
1 4 5
1 3 7
1 1 2
2 3 6
1 5 5
2 2 3
1 1 4
6
3 9 3 3 5 10
13
2 2 3
2 2 4
2 4 5
1 1 6
2 1 1
2 4 5
2 1 5
1 2 4
1 1 2
2 1 1
2 1 6
2 2 4
2 3 5
10
3 7 4 7 4 4 6 4 7 4
21
1 2 9
2 6 9
2 3 3
1 8 10
1 5 8
2 5 7
2 5 10
2 7 8
1 8 9
2 3 7
1 1 1
2 2 5
1 4 7
1 8 10
1 2 3
1 5 6
2 2 4
2 3 4
2 1 7
1 3 10
2 6 7
8
2 6 6 9 1 2 9 9
17
2 7 7
2 2 8
1 3 8
1 5 5
2 1 3
1 4 5
1 3 4
1 4 8
2 3 7
1 2 8
2 1 2
1 1 4
1 3 7
1 4 6
1 1 6
1 4 8
1 3 3
9
8 6 10 10 1 6 9 6 4
19
2 4 7
1 5 9
1 1 8
1 3 8
1 5 7
2 7 9
2 1 6
1 3 4
2 1 5
1 8 9
1 1 8
1 1 6
2 6 6
1 5 7
2 2 9
2 3 6
1 7 7
1 1 7
1 1 2
6
1 3 4 9 2 5
13
1 4 6
1 2 6
2 4 6
2 2 5
2 2 4
1 1 5
2 2 5
1 2 3
2 5 5
2 3 6
2 1 3
2 3 4
1 5 6
5
7 4 1 9 8
11
2 1 4
2 3 5
1 2 3
2 3 5
1 1 3
1 3 5
1 2 5
1 1 2
2 1 1
2 5 5
1 3 3
3
4 9 9
7
1 1 2
2 3 3
2 3 3
1 2 3
2 2 3
2 2 3
1 1 3
6
2 8 2 4 1 7
13
2 2 6
1 1 1
2 5 6
1 2 6
1 3 5
1 2 6
1 5 6
1 1 4
1 5 6
2 1 2
2 3 6
1 2 3
1 1 6
5
6 1 8 2 3
11
2 3 5
1 1 3
1 4 4
2 3 5
1 5 5
2 2 4
1 2 4
1 3 4
1 2 3
1 3 4
2 3 3
3
8 4 6
7
2 1 2
2 2 2
1 1 3
2 2 3
2 1 1
2 2 3
1 1 3
10
2 7 4 1 5 8 6 6 5 7
21
1 2 8
2 3 5
1 1 1
1 4 9
1 7 10
2 2 3
1 8 9
2 6 10
1 1 3
2 4 10
1 4 10
2 5 7
1 2 8
1 4 10
2 2 7
2 1 10
1 1 5
1 6 6
2 2 8
2 6 6
1 3 8
2
3 9
5
1 1 2
1 1 1
2 1 1
1 1 2
2 1 1
8
9 6 10 7 4 4 7 8
17
1 1 7
1 3 3
2 1 3
2 4 7
1 1 7
2 2 5
2 2 8
1 1 7
2 1 8
1 1 4
2 4 4
1 1 7
2 1 3
2 4 7
1 2 4
1 1 7
2 1 2
10
8 9 9 4 10 8 3 7 3 9
21
1 3 5
1 4 10
1 4 6
2 1 1
2 2 10
1 2 7
2 3 10
2 1 8
1 1 6
2 2 7
2 1 3
1 5 6
1 2 6
2 5 10
2 6 9
1 8 10
2 5 8
2 1 5
1 1 9
2 3 5
1 1 6
2
10 5
5
1 1 2
1 1 1
2 1 2
2 1 1
1 1 2
8
2 7 3 5 7 8 6 3
17
1 7 8
2 2 7
1 4 5
2 1 5
2 3 5
2 8 8
2 5 5
1 1 6
1 2 2
2 5 8
2 3 4
2 1 7
1 1 4
2 7 8
2 2 6
2 4 4
2 4 6
9
7 1 9 2 7 6 9 2 8
19
1 1 9
2 1 3
2 8 9
1 1 5
2 8 8
1 3 8
1 5 8
2 2 5
1 1 5
2 6 7
2 3 3
2 4 8
2 1 7
2 2 9
2 2 4
2 7 8
2 1 8
2 4 6
1 5 7
5
1 10 2 1 2
11
1 1 4
1 1 3
2 2 3
2 1 4
2 3 5
2 3 3
1 2 4
1 1 5
2 3 5
2 4 5
1 1 1
5
7 10 7 1 10
11
1 2 4
2 1 1
1 3 4
1 2 3
1 1 4
1 2 3
2 1 5
1 2 3
2 1 1
1 2 3
1 4 5
6
8 9 9 8 4 3
13
2 1 6
2 2 6
2 4 5
1 2 5
1 2 5
1 1 2
1 1 5
2 3 5
1 3 6
2 1 2
2 1 1
1 3 5
2 1 5
9
8 7 4 2 8 6 8 6 5
19
2 2 3
1 5 7
1 3 6
1 1 8
2 4 9
2 1 3
2 2 3
2 4 4
2 4 9
1 3 7
2 3 7
1 4 9
1 3 6
2 2 3
1 1 2
1 4 9
1 3 4
2 5 7
2 2 4
9
6 4 10 10 1 5 3 8 10
19
2 2 7
1 5 7
2 5 7
1 3 5
1 3 9
1 2 6
2 7 7
1 5 9
1 3 6
1 2 6
1 5 9
2 4 6
1 5 9
2 8 9
1 1 9
2 6 8
1 5 8
1 3 8
1 9 9
6
4 4 8 10 7 9
13
2 2 6
1 3 3
2 1 5
1 2 5
2 2 2
1 3 6
1 6 6
1 5 6
2 1 4
1 1 6
1 1 4
2 1 6
2 2 3
7
1 2 9 4 6 7 6
15
2 1 3
2 5 7
1 1 7
1 1 6
2 5 5
2 6 6
1 4 4
1 4 7
2 1 2
1 6 7
1 2 4
1 2 6
2 4 6
2 6 7
2 6 6
4
10 1 9 4
9
2 2 3
1 2 3
2 2 3
1 4 4
2 3 4
2 1 2
2 4 4
2 3 3
1 2 2
2
2 5
5
2 1 2
1 1 2
2 2 2
2 1 2
2 1 2
9
10 1 4 9 5 8 8 8 4
19
1 1 4
1 1 1
2 8 9
2 5 6
1 2 4
1 1 2
1 2 5
1 2 4
2 4 7
2 3 9
2 6 9
1 3 6
1 5 6
2 4 9
2 2 7
2 2 8
1 8 8
1 6 7
1 2 9
7
3 2 9 6 10 6 8
15
2 2 5
2 4 7
1 4 7
1 1 1
1 3 5
2 1 7
2 1 7
2 5 6
2 1 3
2 6 6
2 2 5
1 3 6
1 4 5
1 3 4
2 1 5
7
8 8 5 6 10 4 7
15
2 2 7
1 4 7
2 4 6
2 1 1
2 3 5
2 6 7
1 3 5
1 2 6
2 1 5
1 1 2
1 3 4
1 4 5
2 2 7
2 4 6
1 2 6
8
6 9 1 2 4 6 4 2
17
1 4 7
1 1 4
2 3 4
1 1 4
1 4 6
2 5 6
1 2 4
1 4 8
1 4 5
2 3 7
1 1 1
2 2 2
2 1 8
2 3 8
2 6 8
2 4 5
2 3 6
8
9 6 3 5 4 7 8 3
17
1 4 5
2 1 8
2 4 6
2 4 5
1 1 3
1 2 3
1 3 7
2 2 7
1 4 8
1 1 8
2 3 6
1 2 8
2 3 8
2 6 7
1 6 7
1 5 8
1 1 7
2
3 3
5
1 1 1
2 2 2
2 1 2
2 1 1
1 1 2
10
3 4 2 4 9 10 10 7 4 1
21
2 3 10
2 3 8
1 4 6
1 4 6
1 1 10
2 8 9
1 1 9
1 2 3
1 4 5
2 8 9
2 3 5
1 3 4
2 5 6
2 2 10
2 1 3
1 5 6
1 4 7
1 2 9
2 2 2
2 3 8
2 1 10
9
3 7 2 2 6 1 1 10 1
19
2 3 4
2 3 7
2 2 9
2 1 3
1 6 9
2 6 8
1 8 9
2 2 6
2 2 3
2 2 4
2 3 4
2 2 3
2 2 9
1 6 9
2 2 5
1 5 6
1 2 5
1 1 7
2 4 5
2
9 9
5
1 1 2
1 1 1
2 2 2
1 1 2
2 1 1
10
6 5 7 4 6 2 1 10 3 5
21
1 5 9
1 5 6
2 2 9
2 5 10
2 2 4
2 3 7
2 6 8
1 7 9
1 6 7
1 7 10
1 6 10
2 1 10
2 2 6
1 4 9
1 1 4
2 3 4
2 4 6
1 8 10
2 4 10
1 1 5
2 3 5
8
8 6 10 7 7 2 6 7
17
1 4 7
1 7 8
2 5 8
2 3 5
1 5 7
1 4 7
1 3 3
1 2 8
2 1 5
2 2 5
2 3 8
1 5 7
2 3 7
2 3 6
2 2 5
1 5 6
2 4 5
8
7 6 8 5 4 5 4 10
17
1 4 5
1 2 4
1 1 3
1 6 7
1 5 6
1 2 4
2 3 3
1 1 6
1 1 3
1 1 4
1 4 8
1 7 8
2 6 7
1 1 2
1 2 2
2 3 4
1 2 8
5
1 4 9 10 6
11
1 1 2
1 1 2
2 4 4
1 1 2
2 3 5
1 1 3
1 3 4
1 3 5
2 1 4
2 2 5
1 3 5
6
9 5 9 9 8 6
13
1 5 5
2 5 6
1 3 5
1 2 6
1 3 5
2 2 2
2 1 3
1 1 3
2 2 4
1 5 6
2 1 4
2 1 3
2 3 4
3
7 4 7
7
1 1 1
2 1 3
2 3 3
2 2 3
2 3 3
2 1 2
1 2 2
4
1 7 8 3
9
1 1 2
2 2 3
2 4 4
2 1 4
1 1 4
2 2 3
2 1 1
2 1 3
1 1 2
5
7 10 7 2 9
11
1 1 1
2 1 4
2 1 2
2 1 2
1 2 5
2 2 5
1 1 1
2 3 5
2 2 4
1 2 5
1 3 5
9
8 8 2 2 3 4 10 2 1
19
1 4 6
1 8 9
1 1 1
1 5 7
1 6 8
1 1 3
2 5 9
2 1 2
1 4 9
1 4 7
2 3 5
1 1 8
2 2 3
1 6 7
2 3 6
2 8 9
2 2 9
2 3 9
1 1 4
3
2 9 4
7
2 3 3
1 3 3
2 1 3
2 1 1
2 3 3
1 2 3
2 2 3
9
3 10 10 8 4 3 4 1 8
19
1 7 7
2 6 6
1 5 5
2 6 6
1 4 5
2 3 7
1 3 7
1 2 3
2 6 8
1 1 2
2 1 7
1 2 5
2 3 6
1 1 6
1 6 8
1 2 9
1 2 6
2 3 3
2 4 6
7
4 2 7 10 5 3 7
15
2 3 6
2 1 6
1 1 7
2 1 7
2 4 6
2 3 6
1 3 7
1 2 2
1 1 7
2 3 6
1 2 2
2 6 7
1 1 2
2 3 5
1 1 1
4
4 6 6 9
9
2 2 4
2 1 3
2 2 4
1 1 4
1 2 4
1 1 3
2 2 4
1 2 4
1 4 4
4
2 3 1 3
9
2 1 3
1 1 2
2 3 4
2 1 1
1 2 2
1 1 2
2 1 3
2 1 2
1 3 3
4
3 8 3 2
9
1 1 4
2 1 3
1 1 2
1 1 1
2 3 4
1 1 4
2 1 4
1 3 4
1 1 3
3
1 8 4
7
1 3 3
1 1 3
1 1 3
1 1 2
2 1 1
1 1 1
1 1 2
9
1 7 3 2 4 8 10 9 9
19
1 1 4
2 5 8
1 2 4
2 1 5
2 7 9
1 3 6
2 4 5
1 7 7
2 6 7
1 5 9
1 6 7
2 4 5
1 5 9
1 9 9
1 6 8
2 7 8
2 2 9
2 4 9
2 3 9
1
7
3
2 1 1
1 1 1
1 1 1
10
2 7 4 5 6 4 3 1 10 7
21
1 1 2
1 9 9
1 1 4
1 5 10
2 4 8
1 2 9
1 2 2
1 1 10
1 7 10
1 3 6
2 3 7
2 3 7
2 5 7
2 6 7
2 3 3
2 3 10
1 2 6
2 5 10
1 5 10
1 6 10
1 2 5
7
10 3 2 5 7 3 8
15
1 7 7
1 1 7
1 2 4
1 1 4
2 2 3
1 1 2
2 2 5
1 5 6
2 1 3
2 1 2
2 3 5
1 3 7
1 4 4
2 1 3
2 3 7
9
10 3 4 8 10 6 7 2 6
19
1 5 6
1 3 7
1 3 7
1 6 9
2 5 8
1 9 9
1 5 8
2 5 5
1 7 8
1 6 7
1 6 8
2 5 7
2 6 9
1 2 9
1 8 9
2 3 8
1 5 8
2 4 9
1 5 9
3
2 1 2
7
2 2 3
2 2 3
1 1 1
1 1 2
1 1 3
2 1 3
2 1 2
8
4 1 3 9 10 6 1 6
17
1 5 6
1 2 6
1 2 2
1 3 5
2 1 2
1 2 5
2 5 8
2 1 3
2 7 8
1 1 7
2 3 5
1 2 2
2 5 6
1 1 1
1 1 7
1 2 5
1 1 4
7
7 3 2 9 6 4 5
15
2 6 6
2 6 7
2 5 7
2 2 3
1 1 5
2 1 3
2 3 4
1 2 5
2 2 3
2 2 6
1 1 3
1 1 3
2 2 6
2 1 3
2 3 6
8
2 9 5 3 2 2 4 7
17
2 3 4
2 1 6
1 6 7
1 3 6
1 4 8
2 4 8
2 5 6
2 4 6
2 4 6
1 1 6
1 3 5
1 2 3
1 1 2
2 3 5
2 1 8
2 3 8
2 2 6
4
4 5 8 4
9
1 1 1
1 3 4
2 4 4
1 2 3
2 1 3
2 2 3
2 1 3
1 2 4
2 1 3
5
4 4 8 4 2
11
1 1 2
1 3 5
1 1 4
1 1 5
1 2 4
1 1 5
1 2 3
2 3 5
1 1 1
1 1 3
2 1 2
5
1 5 8 2 5
11
1 4 4
1 1 5
1 5 5
2 2 3
1 1 3
2 4 4
1 1 1
1 2 4
1 2 5
1 4 5
1 3 4
3
4 1 6
7
1 2 3
2 3 3
1 1 2
1 2 3
1 2 3
1 1 3
2 2 2
2
3 3
5
1 1 2
2 1 2
1 1 1
1 1 1
1 1 2
7
1 2 5 7 2 2 7
15
2 6 7
2 1 3
2 3 3
2 1 3
1 2 4
1 1 5
1 1 5
1 1 7
2 1 6
2 4 6
1 2 6
1 6 7
2 4 7
2 1 2
1 3 4
6
1 1 5 8 5 10
13
1 1 1
2 4 5
1 3 5
2 1 3
1 2 5
1 2 3
2 4 5
1 4 5
1 3 5
1 4 5
1 3 3
2 3 4
1 4 5
6
6 6 10 3 9 3
13
1 1 5
2 5 5
1 3 6
1 3 4
2 2 3
1 3 5
2 1 4
1 2 3
1 1 4
1 2 3
2 1 4
2 3 3
2 4 5
3
9 3 9
7
1 2 3
2 2 3
2 1 3
1 1 2
1 2 3
1 2 2
1 1 2
4
10 5 10 8
9
2 1 2
2 1 3
2 1 4
1 1 4
1 1 4
2 1 3
1 1 3
1 1 1
2 2 4
4
8 7 9 2
9
1 1 3
2 4 4
2 1 4
2 2 4
1 1 4
1 3 4
2 1 4
1 2 2
1 2 3
6
6 3 8 7 7 6
13
2 4 5
2 1 3
1 2 3
1 4 6
1 1 2
2 5 6
2 1 5
2 2 2
1 2 4
2 2 4
2 1 1
1 1 5
2 2 3
8
7 7 2 5 2 8 8 1
17
2 7 8
1 1 6
1 1 6
2 3 6
1 4 5
2 4 5
1 2 5
2 1 2
1 3 8
2 4 5
1 1 8
2 5 6
2 5 8
1 7 7
1 5 6
1 6 8
2 3 8
6
9 6 7 9 2 4
13
2 1 1
2 2 4
1 3 5
1 3 6
2 2 3
1 1 3
1 2 5
1 2 5
2 1 1
2 2 6
2 3 5
2 1 6
1 3 3
6
8 4 9 2 5 4
13
1 1 4
2 4 6
2 6 6
2 1 3
2 3 4
2 2 3
1 1 5
2 3 3
1 3 6
1 1 4
1 3 4
1 1 4
1 2 6
5
8 9 4 7 4
11
1 2 5
2 1 3
1 1 3
2 2 2
1 3 5
1 2 3
1 1 2
1 4 5
1 1 1
2 2 5
1 2 4
1
3
3
2 1 1
2 1 1
1 1 1
7
6 5 4 3 7 8 7
15
1 4 7
1 4 6
2 1 7
1 2 4
1 2 4
1 1 5
1 5 7
2 3 3
1 5 6
1 3 5
2 2 4
1 7 7
1 2 7
2 4 7
1 2 6
6
3 3 1 1 5 4
13
1 2 6
1 4 5
2 1 3
1 2 5
2 1 3
2 3 5
2 1 6
1 3 5
1 4 6
2 2 5
1 1 4
1 4 5
1 1 1
6
1 1 10 8 3 8
13
2 2 4
1 1 5
2 2 4
1 3 6
2 4 4
2 3 5
2 3 5
2 3 6
1 5 6
1 3 5
1 1 6
1 3 4
1 4 6
8
3 1 4 5 7 2 5 9
17
1 1 3
1 5 7
2 1 7
2 2 6
2 3 3
1 3 3
1 2 8
2 1 2
1 4 5
2 2 6
2 6 8
1 5 6
1 2 6
1 6 6
2 3 4
1 5 5
2 7 8
10
5 10 10 7 8 3 9 9 7 2
21
2 1 9
1 3 7
1 7 8
2 4 5
1 2 7
2 1 2
2 4 9
2 9 9
2 8 10
1 7 8
2 8 9
1 4 8
2 5 10
1 5 8
2 3 3
2 1 10
2 4 9
2 2 7
2 3 7
1 3 4
1 5 9
8
1 1 2 1 4 1 5 10
17
1 3 8
2 3 4
1 5 8
2 2 4
1 3 5
2 4 6
2 2 7
1 4 8
1 1 6
2 1 7
1 5 7
2 5 7
2 1 1
1 1 2
1 2 8
2 2 6
2 5 7
7
2 1 3 9 4 5 10
15
2 4 4
1 5 6
2 3 6
1 3 7
1 2 7
1 1 6
1 2 6
2 1 7
1 5 6
1 2 2
2 2 4
2 3 6
2 3 4
1 1 7
1 3 6
2
1 8
5
2 1 2
1 2 2
2 2 2
2 1 1
2 2 2
3
3 2 2
7
2 1 1
1 3 3
2 2 3
1 1 2
2 1 2
2 1 3
1 1 1
5
5 10 1 5 5
11
2 1 5
2 1 5
2 1 2
1 1 4
1 1 3
2 3 5
1 4 5
2 2 5
1 1 4
2 4 5
2 1 5
4
10 10 3 6
9
1 1 1
2 2 4
2 1 2
2 3 4
1 2 4
2 1 1
2 1 4
2 2 2
1 1 3
9
10 2 3 8 10 4 9 10 2
19
1 4 9
2 3 8
1 1 5
1 2 4
2 4 8
1 2 4
2 1 6
1 7 9
2 1 2
2 1 5
2 4 4
2 2 5
1 8 8
2 4 5
2 5 7
1 1 2
1 1 9
1 2 6
1 1 7
8
9 4 6 2 1 6 7 6
17
1 1 8
1 4 8
1 3 4
2 7 8
1 2 8
2 5 8
2 2 6
1 6 6
2 2 3
1 6 8
1 1 8
1 4 7
2 5 7
1 3 4
1 1 8
2 1 1
2 2 4
4
9 4 4 10
9
2 2 2
2 1 1
2 2 2
2 3 4
2 2 3
1 2 2
2 1 3
2 3 4
2 3 4
2
1 4
5
2 1 2
2 1 1
1 1 2
2 1 2
2 1 1
7
2 2 5 7 4 3 10
15
2 2 7
1 2 4
1 3 4
2 2 6
1 3 5
2 5 6
1 3 7
1 3 7
2 1 5
1 2 4
1 1 5
2 4 5
1 7 7
1 5 7
1 6 6
9
6 8 10 9 8 4 3 5 4
19
1 5 6
1 3 7
1 1 4
1 3 4
1 2 6
2 5 6
1 1 9
1 3 3
2 2 3
2 2 8
1 7 9
1 1 5
1 3 9
2 2 3
2 1 5
2 2 3
1 1 6
2 6 8
2 2 7
6
8 3 2 10 10 4
13
1 3 4
1 1 3
2 2 4
2 5 5
1 5 6
2 5 6
2 1 2
2 1 1
1 1 5
2 2 5
1 1 5
1 2 5
2 3 6
2
4 3
5
2 1 2
1 1 1
1 1 2
1 1 1
1 1 2
6
2 2 2 1 7 6
13
2 3 6
1 3 5
2 3 4
1 1 1
2 2 5
2 2 2
1 4 4
2 3 3
2 2 3
2 1 2
2 3 4
1 2 4
1 1 2
7
10 9 3 9 2 6 4
15
1 3 3
1 2 4
1 2 7
2 1 6
1 2 2
1 2 6
2 1 2
1 3 4
2 1 4
1 3 5
2 7 7
2 6 6
1 2 3
2 1 1
1 1 4
1
6
3
1 1 1
2 1 1
1 1 1
3
8 6 7
7
2 1 3
2 2 2
1 2 3
1 1 3
2 3 3
2 1 2
1 2 3
2
5 1
5
1 2 2
1 2 2
1 1 2
1 2 2
1 1 2
5
7 2 4 2 4
11
1 1 3
1 3 5
2 1 5
2 3 4
1 4 5
2 3 5
2 2 2
2 2 2
1 5 5
2 1 2
2 5 5
7
8 5 5 5 5 7 3
15
1 1 3
2 7 7
1 4 6
1 1 2
1 1 7
2 3 6
1 6 7
2 1 2
1 1 2
1 3 5
2 1 7
2 2 3
2 7 7
2 4 7
1 4 5
5
3 9 5 4 1
11
2 2 4
1 1 2
2 1 2
1 3 4
1 3 3
2 1 2
2 3 4
2 2 4
1 3 5
1 1 4
1 3 3
5
8 3 2 10 10
11
2 2 3
2 2 3
2 3 3
1 3 3
2 4 4
1 3 3
1 3 5
2 2 2
1 2 3
1 1 4
2 5 5
3
3 5 5
7
2 1 1
2 1 2
1 1 2
2 3 3
1 1 2
2 1 2
1 1 1
7
3 8 6 9 7 1 2
15
2 2 7
1 1 2
1 1 4
2 4 5
1 1 2
1 2 3
2 5 6
2 5 5
1 5 7
1 5 6
1 1 5
1 3 5
2 3 6
1 1 3
2 1 5
4
7 10 6 10
9
1 2 4
1 1 2
1 1 2
1 1 3
1 4 4
1 2 4
1 1 1
1 2 4
2 1 3
2
9 2
5
2 1 1
1 2 2
1 1 2
1 2 2
1 2 2
5
2 3 8 4 4
11
1 1 5
1 1 4
2 1 4
2 3 5
1 1 3
2 3 3
1 1 2
2 3 4
1 2 4
2 1 3
1 1 2
10
7 1 1 7 2 6 9 7 7 4
21
1 1 4
1 3 5
1 8 9
1 7 10
2 5 7
2 2 8
1 6 10
2 6 9
2 4 6
2 4 9
1 1 2
1 4 10
1 6 7
1 7 8
1 6 8
2 2 3
1 4 9
1 6 7
1 2 3
2 3 7
1 1 10
2
7 4
5
2 1 2
2 1 1
2 1 1
1 2 2
2 1 1
9
10 3 8 9 2 5 2 2 5
19
2 9 9
1 2 3
2 7 7
1 3 4
1 1 3
1 6 9
2 1 8
1 2 4
1 1 9
2 5 5
2 3 4
2 2 7
1 3 8
1 3 7
2 3 7
1 3 7
2 7 9
1 1 8
2 2 2
4
4 6 6 6
9
1 1 4
2 2 4
1 1 4
2 2 3
2 1 4
2 3 3
2 1 4
1 1 1
2 2 4
7
3 7 4 5 7 1 9
15
2 1 2
1 1 5
1 1 2
1 3 6
1 6 6
2 1 3
2 4 5
2 3 7
2 1 1
2 4 5
1 5 6
1 1 7
2 4 6
2 3 6
1 2 2
3
3 5 6
7
1 2 3
2 1 1
1 2 2
2 1 3
2 1 3
2 1 2
2 3 3
9
4 8 9 7 6 4 9 6 4
19
2 1 8
1 4 5
2 3 7
2 3 9
2 5 7
1 4 7
2 5 8
2 2 6
1 1 8
2 4 8
2 2 7
1 4 9
1 7 9
2 3 3
2 5 9
2 5 7
2 5 9
2 4 5
2 2 3
7
10 10 10 9 5 3 7
15
1 3 7
1 2 5
2 1 5
2 1 1
2 4 7
1 3 7
2 2 6
2 5 7
2 3 5
1 1 3
2 2 3
1 1 2
2 1 7
2 5 7
2 1 2
6
6 10 3 5 10 2
13
1 4 5
2 1 2
1 2 3
2 6 6
2 1 4
1 3 6
1 3 3
1 2 4
2 2 3
2 4 6
2 1 6
1 2 2
1 3 5
6
6 1 6 1 4 7
13
2 3 6
1 1 6
2 2 5
2 5 5
1 2 6
2 5 5
1 1 2
2 2 5
2 2 6
1 3 6
2 2 5
2 1 2
2 4 6
6
5 10 9 5 3 4
13
1 5 5
2 2 2
1 4 6
2 4 4
1 2 3
2 3 5
1 1 5
2 2 4
1 2 4
1 4 5
1 2 6
1 6 6
1 6 6
6
3 1 10 9 2 2
13
2 5 5
2 4 5
1 1 3
2 1 3
2 3 6
1 1 2
2 4 6
1 4 5
1 3 3
1 1 1
2 3 6
1 2 5
1 1 3
5
10 9 9 10 3
11
2 1 2
2 3 4
2 2 3
1 5 5
1 2 5
2 2 4
1 1 2
2 2 2
1 2 5
1 2 4
2 5 5
4
7 7 2 7
9
1 3 4
2 1 1
1 2 4
2 1 2
2 1 3
2 1 3
1 4 4
1 3 4
1 1 3
7
9 3 6 3 7 9 8
15
1 3 6
1 1 4
2 3 7
2 6 7
1 2 7
2 1 2
1 2 4
2 2 5
2 1 5
2 2 3
2 3 4
2 3 4
1 6 7
2 6 7
2 2 4
8
9 8 4 4 6 8 2 3
17
2 6 7
1 2 6
1 1 6
1 1 5
1 1 4
1 1 3
2 3 5
1 4 7
1 4 7
2 2 6
2 1 6
2 4 6
1 1 5
2 5 7
2 6 8
1 1 2
2 1 5
8
3 9 4 3 1 6 5 1
17
1 7 8
1 1 8
1 3 5
2 7 8
2 3 8
1 1 8
1 4 5
1 1 5
2 5 7
1 1 7
2 5 8
2 1 8
1 2 6
2 7 8
1 4 6
2 2 7
2 2 3
6
7 6 3 8 8 7
13
1 1 5
2 2 5
1 3 4
2 2 4
2 3 4
1 3 6
1 2 3
1 1 2
1 4 4
2 3 6
1 3 3
2 1 3
1 1 3
10
9 6 7 4 5 3 6 2 9 2
21
1 3 9
2 5 7
1 2 10
2 4 7
1 9 10
2 9 9
2 5 7
1 3 6
1 4 7
2 1 8
2 4 8
1 1 7
2 3 5
2 3 9
2 2 8
2 5 9
1 1 2
1 8 9
2 6 8
1 10 10
2 6 9
2
3 9
5
2 1 2
1 1 1
2 1 1
2 1 2
1 1 2
10
10 4 6 7 8 4 3 5 7 2
21
2 7 10
1 5 10
1 1 5
2 2 10
2 7 8
1 4 10
2 8 9
2 2 7
1 4 9
1 8 9
1 1 4
2 4 10
2 7 10
1 6 9
1 2 5
2 3 6
2 8 10
1 2 3
1 2 4
2 1 8
1 1 4
7
5 4 4 6 5 9 4
15
2 5 5
1 1 7
1 6 6
2 2 3
1 1 4
1 1 3
2 3 4
1 3 7
1 5 6
2 1 3
1 2 4
2 1 2
2 1 5
1 2 2
1 1 7
6
6 4 3 1 5 4
13
2 3 5
1 2 6
1 1 5
1 1 5
1 2 4
2 2 5
1 6 6
2 4 4
2 1 6
1 2 2
2 4 6
2 2 6
1 5 5
10
3 10 8 8 9 2 8 9 2 9
21
1 9 9
1 10 10
2 4 6
1 4 8
1 7 7
2 2 4
1 7 8
1 1 10
2 9 9
2 4 8
2 5 7
2 2 6
1 7 9
1 4 8
1 2 8
2 8 10
2 9 10
2 7 9
2 2 8
1 1 7
1 5 9
2
5 8
5
1 1 1
2 2 2
2 2 2
1 1 2
2 1 1
10
10 3 5 7 2 10 9 8 4 4
21
2 3 7
2 4 10
1 5 9
2 1 5
2 2 5
1 5 10
2 8 9
1 3 10
2 5 6
1 3 7
1 1 9
1 4 9
1 7 9
2 3 10
2 3 9
1 5 5
2 3 10
1 5 10
2 3 5
2 6 7
1 2 9
3
10 9 2
7
1 1 3
2 2 3
2 1 2
2 1 3
2 2 3
2 2 3
1 2 3
7
9 1 2 8 3 3 6
15
1 2 4
2 6 7
1 4 6
2 4 5
1 6 7
2 3 4
1 6 6
2 1 2
1 4 7
1 2 7
2 4 5
1 1 2
2 4 6
2 4 6
1 2 3
10
6 7 7 2 2 8 8 2 2 1
21
1 1 10
1 5 9
1 1 6
2 1 8
1 2 6
1 3 5
2 5 8
2 5 5
1 1 3
2 2 7
1 1 8
1 2 9
2 5 10
1 2 4
2 1 5
2 1 2
2 5 8
1 1 7
1 3 5
2 2 3
2 1 2
7
3 3 8 1 6 10 2
15
2 5 6
1 3 7
1 6 7
1 2 4
1 1 2
2 2 2
2 2 3
2 3 3
2 5 7
2 3 5
1 2 7
2 1 4
1 4 6
2 6 7
2 1 6
9
4 1 10 4 1 3 5 4 8
19
1 7 8
1 3 3
1 7 8
2 7 8
2 1 7
2 5 7
2 1 2
1 7 8
1 1 7
2 3 6
2 4 4
1 5 8
2 1 3
1 1 2
1 4 8
1 8 9
2 2 9
1 2 7
1 4 8
10
7 9 9 4 7 3 8 9 5 1
21
1 2 9
1 2 9
1 1 10
2 3 7
1 7 8
2 4 7
1 6 9
2 9 9
1 5 6
2 2 7
1 8 10
2 8 9
1 2 9
2 4 7
1 5 8
1 2 3
2 3 3
2 7 8
2 1 8
1 2 3
1 2 3
10
4 4 2 4 6 8 2 10 8 4
21
2 4 7
1 3 6
1 6 7
2 2 5
2 5 8
1 3 10
2 4 7
1 6 7
2 3 9
2 1 2
1 3 9
2 3 8
1 3 6
2 1 6
1 6 8
2 1 7
1 2 8
2 3 8
1 1 7
2 6 7
1 6 10
5
8 3 8 8 3
11
1 2 4
1 4 5
2 2 3
2 1 1
2 4 4
1 1 4
2 2 3
2 1 3
2 1 2
2 2 3
1 3 5
4
9 5 5 9
9
1 1 3
1 2 2
1 2 2
1 1 3
1 1 1
2 1 2
1 2 3
2 4 4
1 2 3
6
3 7 5 6 7 2
13
1 5 5
2 1 4
2 4 6
1 2 2
2 1 4
1 3 4
1 4 6
2 1 5
2 2 3
1 2 2
2 2 5
2 2 5
1 3 6
10
1 7 2 10 5 8 4 3 7 1
21
1 6 7
2 1 7
1 2 10
1 4 10
2 4 4
2 5 10
2 2 8
1 2 6
1 1 8
1 5 7
2 4 5
2 3 7
2 4 6
1 4 5
2 2 9
2 4 10
2 2 3
2 5 7
2 1 9
2 1 6
2 9 10
2
7 5
5
1 1 2
1 1 2
1 1 1
1 1 2
1 1 1
10
10 9 2 5 6 8 8 8 1 8
21
2 3 3
2 6 8
2 5 7
1 1 9
1 3 10
2 4 7
2 2 6
1 7 8
2 2 3
2 4 9
2 3 4
1 4 6
2 7 10
2 9 10
1 2 5
1 3 10
1 1 4
1 3 7
1 1 7
1 1 8
2 1 3
4
6 3 4 7
9
1 4 4
1 1 3
2 2 3
1 3 3
1 3 3
2 3 3
1 1 2
2 2 2
1 2 4
8
3 8 1 1 9 8 1 1
17
1 6 6
2 6 6
1 3 7
1 4 5
2 2 2
2 4 8
2 3 6
2 2 7
1 1 4
2 2 6
1 2 7
1 2 4
2 5 7
2 1 3
1 1 2
2 7 8
2 2 4
5
5 8 2 6 1
11
1 3 3
2 1 4
2 4 4
2 1 1
1 3 4
1 1 5
1 1 3
1 2 3
1 2 3
2 2 4
2 3 5
9
10 4 5 1 1 7 6 4 6
19
1 1 3
1 2 8
1 3 9
2 5 6
2 1 3
1 1 4
2 3 9
1 4 6
2 1 1
1 9 9
1 4 7
1 7 7
1 5 6
2 1 9
2 5 6
1 1 9
1 5 8
1 4 7
2 5 9
7
5 9 10 4 8 4 5
15
2 5 6
2 3 3
2 6 7
1 2 7
1 1 7
1 2 2
2 6 7
2 2 2
2 5 7
1 3 5
2 1 3
1 3 4
2 1 6
1 3 7
2 1 7
10
6 9 4 8 5 8 5 7 5 3
21
1 2 2
1 7 10
2 5 8
1 5 7
2 7 9
2 1 2
2 3 8
2 2 10
2 1 9
1 5 9
1 4 7
2 8 10
2 2 3
2 1 1
1 6 6
1 1 6
2 4 8
2 3 9
1 1 3
1 6 7
1 1 6
3
9 10 9
7
2 2 2
1 1 2
2 1 1
2 1 3
2 1 2
2 2 3
1 2 3
2
8 5
5
1 1 2
1 1 1
2 1 2
1 1 1
2 1 1
7
6 1 2 5 6 10 4
15
2 7 7
2 2 6
1 1 7
1 1 2
1 2 7
2 2 5
2 2 3
2 3 6
1 4 7
2 1 6
1 2 7
1 4 7
2 6 6
1 6 6
1 2 5
2
7 3
5
2 2 2
2 1 2
2 1 2
2 1 2
1 2 2
6
6 10 3 3 9 8
13
2 2 3
1 3 6
2 5 6
2 3 5
1 3 5
1 1 2
2 2 5
1 1 1
1 2 6
2 3 5
2 1 5
2 5 6
1 2 4
5
6 10 2 2 10
11
2 3 5
1 1 5
2 3 5
1 1 5
2 3 5
2 2 4
2 3 5
2 1 4
1 4 5
1 4 5
2 2 4
5
5 10 4 10 7
11
2 1 5
2 1 5
2 4 5
2 4 4
2 3 4
2 1 2
1 4 5
2 2 4
2 2 3
1 1 3
2 1 1
5
10 2 4 1 8
11
1 2 5
1 4 5
1 2 4
1 2 5
1 2 5
1 4 4
2 2 5
2 2 4
2 5 5
1 3 4
2 4 5
9
3 5 8 2 7 8 7 10 9
19
1 3 3
1 6 7
2 1 4
2 2 9
1 7 7
1 7 9
2 4 6
1 3 7
2 5 8
1 3 4
1 1 6
1 1 5
1 4 6
1 1 2
2 1 3
2 7 8
2 4 9
2 2 8
1 5 5
6
1 1 8 5 6 5
13
1 5 5
2 1 3
1 2 5
1 2 5
1 4 6
1 3 3
2 5 6
2 4 6
2 3 5
1 1 1
2 4 6
1 1 5
2 2 4
6
5 4 8 1 4 7
13
2 1 5
2 1 6
2 1 4
1 1 6
1 1 5
2 6 6
2 4 6
2 1 3
2 1 2
2 1 6
1 5 6
1 2 6
2 3 4
4
2 1 1 2
9
1 1 4
2 4 4
2 3 4
1 3 4
2 3 3
2 1 2
2 3 4
1 3 4
2 1 2
8
8 9 6 9 4 2 6 1
17
2 6 8
1 1 3
1 1 8
2 4 6
2 5 8
2 4 6
2 5 6
2 1 1
2 3 4
2 3 5
1 7 7
2 4 7
2 1 4
1 2 4
2 5 8
1 3 4
2 2 5
7
6 8 2 3 10 8 9
15
1 6 7
1 1 5
2 1 5
2 2 7
1 1 4
1 5 5
2 5 5
2 1 2
1 4 5
1 4 7
2 4 6
2 3 7
2 1 7
2 4 4
1 2 5
3
10 9 3
7
2 2 3
2 1 3
1 1 3
1 3 3
1 2 3
2 1 3
2 2 3
5
8 5 7 4 3
11
1 2 3
1 5 5
2 2 4
2 1 4
1 1 3
2 3 5
2 2 4
1 3 3
2 3 4
1 2 5
1 1 3
10
1 8 1 6 6 6 2 1 6 8
21
1 7 9
1 1 9
1 5 8
2 2 3
2 3 8
2 4 9
2 4 7
2 4 10
1 7 8
2 4 10
1 6 10
1 2 3
2 6 7
2 7 8
1 1 2
1 4 9
1 6 10
2 2 10
1 2 6
2 4 8
1 2 10
3
4 7 9
7
1 1 1
1 1 2
1 1 1
2 2 3
1 2 3
2 1 1
2 2 2
6
7 3 7 5 1 8
13
1 3 5
1 4 6
1 1 6
2 1 4
2 3 6
1 2 5
2 2 5
1 3 4
1 1 3
2 3 6
1 1 5
2 2 6
1 2 3
8
7 1 7 9 10 2 2 6
17
1 5 7
1 7 7
1 8 8
2 4 4
1 2 8
1 1 6
1 1 5
1 3 5
1 4 5
1 5 8
1 3 8
1 6 7
2 3 5
1 7 8
1 4 6
2 3 5
1 1 2
7
8 8 3 1 7 1 7
15
1 1 1
2 5 7
1 3 6
2 5 6
2 2 4
1 1 7
1 1 7
2 3 5
1 1 7
2 4 7
2 6 6
2 3 4
1 4 5
1 3 6
2 5 6
10
7 6 6 2 3 1 2 6 6 1
21
1 4 8
1 4 5
1 1 1
2 2 9
2 5 9
1 4 6
2 1 8
2 4 7
1 2 10
2 4 10
2 8 8
2 5 9
1 1 3
1 6 10
1 7 7
1 3 4
2 8 8
2 3 4
2 1 3
2 4 8
1 2 10
10
8 5 9 2 6 6 10 1 8 9
21
1 4 5
2 5 10
1 7 8
2 2 8
1 3 8
2 4 8
1 1 6
2 7 10
1 2 5
2 7 8
1 3 4
1 3 9
1 4 6
1 5 7
2 3 4
1 5 8
1 2 8
2 8 8
1 2 3
2 1 6
1 7 8
8
1 3 2 3 5 8 10 5
17
2 1 4
2 4 7
1 2 7
1 3 3
1 5 8
2 1 8
2 4 7
2 1 3
1 3 5
2 2 3
2 6 7
2 1 3
1 5 5
1 5 8
1 1 8
2 6 8
1 5 7
2
2 10
5
1 2 2
1 1 2
1 1 1
2 2 2
2 1 2
9
7 1 5 8 3 1 3 5 7
19
1 2 6
1 5 9
1 2 3
1 7 9
1 5 8
2 6 9
1 7 9
2 1 4
2 5 9
1 2 5
1 2 9
1 2 6
2 6 7
1 1 7
1 5 8
2 3 6
1 2 5
1 7 7
1 9 9
3
7 6 9
7
1 2 3
1 1 1
1 1 1
2 1 3
2 1 2
1 1 3
2 2 3
8
7 4 8 2 5 2 6 8
17
2 1 6
1 1 4
2 5 7
1 4 8
1 4 4
2 1 4
1 1 5
1 1 7
2 8 8
2 2 3
1 5 7
2 3 6
2 7 7
1 7 7
2 5 7
2 2 6
1 2 7
3
9 6 9
7
2 1 3
1 1 1
1 3 3
2 1 3
2 1 3
1 1 3
1 1 1
8
3 1 1 7 5 6 9 9
17
2 7 7
2 1 2
1 5 7
2 4 7
2 5 7
1 2 6
1 1 8
2 8 8
1 1 4
2 2 5
1 1 7
1 2 5
1 2 8
1 1 5
2 1 2
2 3 3
2 6 7
5
4 2 7 10 5
11
2 3 4
2 3 5
2 3 5
2 1 3
1 2 5
1 1 4
1 4 5
2 1 2
2 2 4
2 3 5
1 3 5
6
6 5 3 7 5 6
13
1 3 5
1 1 3
2 1 6
2 5 6
1 1 6
1 4 5
2 3 4
2 5 5
1 1 4
2 2 4
2 4 5
2 2 2
1 2 6
3
9 7 4
7
1 2 3
1 2 3
1 1 2
2 2 3
1 2 3
1 1 3
1 3 3
4
1 1 5 9
9
2 1 1
1 1 4
1 2 3
2 2 3
1 1 4
2 2 2
2 3 4
1 1 1
1 2 4
8
8 2 8 2 4 2 5 4
17
1 4 6
2 3 8
1 2 3
1 4 7
2 1 4
2 4 5
1 6 6
1 1 4
1 1 2
2 3 8
1 2 6
2 1 4
1 3 5
2 2 2
2 3 8
2 4 8
2 1 8
9
5 5 3 10 6 9 6 3 4
19
2 7 7
1 8 9
2 2 3
2 5 8
1 4 4
2 7 7
1 1 9
2 3 6
1 4 6
2 2 8
1 1 8
1 2 5
1 4 9
1 1 2
1 4 7
1 5 9
2 3 6
1 1 7
1 5 8
7
3 2 4 8 3 1 3
15
1 5 7
1 4 5
2 2 7
2 2 7
1 5 7
1 2 6
1 2 6
1 6 7
1 1 3
1 1 5
1 1 7
2 1 7
1 3 7
1 3 7
1 1 2
2
1 9
5
1 1 2
1 1 1
2 1 2
2 1 1
1 1 2
9
4 3 9 10 2 9 1 2 6
19
2 4 8
2 1 3
2 6 6
1 8 9
1 5 5
1 7 9
1 7 8
2 7 9
1 5 9
2 5 7
2 1 2
2 3 9
2 4 7
1 8 9
1 5 5
2 6 6
1 2 6
2 3 8
2 3 9
9
5 9 1 3 2 3 2 2 1
19
1 7 8
2 4 6
2 1 6
1 2 5
2 5 5
2 5 9
1 8 9
1 3 7
2 2 2
2 2 9
2 2 9
1 3 9
1 2 5
1 4 7
1 6 9
1 1 1
2 3 9
2 1 3
1 3 7
6
3 5 7 7 6 2
13
1 2 5
2 4 6
1 2 4
2 3 3
2 2 5
1 1 4
1 2 4
1 5 6
2 1 5
2 1 2
1 2 2
1 4 5
1 2 6
10
8 7 9 1 9 5 8 3 2 4
21
1 6 7
1 1 10
2 6 10
2 1 10
2 8 8
1 9 10
1 6 9
2 5 6
1 3 7
2 4 10
1 3 7
2 8 8
1 5 7
2 2 7
2 1 6
2 4 6
2 1 6
1 3 10
1 1 9
1 3 5
1 5 10
4
8 9 9 7
9
1 2 3
2 1 4
1 2 3
2 2 3
2 1 2
2 1 2
1 1 4
1 3 4
1 3 4
6
2 7 10 5 1 5
13
1 1 2
1 2 5
2 5 5
2 1 5
1 2 4
2 5 5
1 1 6
2 2 5
1 3 6
1 3 6
1 1 6
1 6 6
2 4 4
3
7 8 8
7
2 2 3
1 1 1
1 1 3
2 1 2
2 1 1
2 1 3
1 1 1
4
2 5 7 7
9
2 1 2
2 1 1
1 1 1
1 1 3
2 1 4
2 4 4
2 1 2
1 3 3
2 2 3
8
4 9 2 6 8 8 7 1
17
2 6 6
2 2 7
2 2 7
1 4 8
2 4 7
2 2 4
1 1 5
1 2 5
2 2 4
2 2 6
2 4 8
1 2 2
1 4 6
1 1 3
2 1 6
1 1 2
1 3 7
5
10 5 1 5 8
11
2 2 4
1 3 5
2 2 5
1 3 4
1 4 5
2 5 5
1 2 2
2 3 5
1 1 5
1 4 4
2 3 4
4
2 6 7 3
9
1 1 3
1 1 2
1 1 3
2 1 4
1 2 3
1 2 4
2 4 4
1 3 4
1 3 4
2
6 1
5
2 1 1
1 2 2
1 1 2
2 2 2
1 2 2
10
7 10 7 5 1 3 3 6 8 5
21
2 1 3
2 4 8
1 3 9
1 1 1
2 4 9
2 2 8
2 4 5
2 4 10
2 3 9
2 8 10
2 1 5
1 3 6
2 3 7
1 4 9
2 3 10
1 1 9
1 4 7
1 9 10
2 1 4
1 4 6
2 1 10
9
3 10 2 2 4 5 7 4 5
19
2 6 6
2 2 4
2 2 6
2 2 3
2 3 6
2 8 9
1 7 8
1 2 4
1 5 6
2 7 9
2 1 3
1 1 7
1 5 6
1 5 6
2 1 2
2 2 8
2 4 6
1 9 9
2 7 9
6
5 5 7 7 7 1
13
2 3 4
2 1 5
1 1 2
1 2 3
1 1 3
1 2 3
2 3 5
2 2 5
1 1 1
2 4 6
1 1 6
2 4 6
1 6 6
5
8 10 9 2 1
11
2 1 2
2 5 5
2 1 1
1 2 4
2 2 2
1 1 1
1 1 1
2 4 5
1 3 4
1 1 4
1 2 4
4
1 10 6 2
9
1 2 2
2 1 2
1 4 4
1 2 4
1 2 3
1 3 3
1 1 2
1 1 3
1 3 4
7
2 5 3 4 7 4 7
15
1 3 5
1 4 5
2 3 5
1 3 5
2 2 3
1 1 6
2 4 4
1 1 7
1 1 5
1 4 7
1 1 1
2 2 3
1 3 4
2 6 7
1 6 7
7
3 3 8 6 5 8 5
15
2 2 2
1 5 7
2 5 5
2 3 4
1 4 7
2 2 3
1 1 3
1 1 4
2 2 2
1 3 6
2 5 7
2 5 7
2 2 7
1 2 5
1 4 6
3
2 7 2
7
2 2 3
2 1 2
1 1 3
1 2 3
2 2 3
1 1 2
2 2 3
2
5 6
5
1 1 2
2 2 2
1 1 1
2 1 2
2 1 1
9
9 3 6 6 8 10 3 1 5
19
2 5 7
1 5 6
2 3 7
2 5 6
2 3 6
1 4 4
1 2 3
1 5 6
1 1 4
1 3 7
1 4 9
1 7 9
2 3 6
2 2 7
1 1 8
1 4 5
1 4 5
2 1 8
1 5 9
4
3 3 9 4
9
2 1 1
1 2 3
2 4 4
1 1 2
1 1 3
1 3 4
1 3 4
1 1 1
2 1 4
5
10 5 5 1 8
11
1 2 3
1 4 4
1 2 5
1 4 5
1 1 3
2 1 1
1 1 5
1 2 3
1 3 5
2 2 2
2 2 4
9
6 4 5 3 7 1 10 4 5
19
1 2 3
1 4 6
2 1 4
1 6 8
2 5 9
1 1 3
1 7 9
1 1 4
2 1 3
2 3 6
1 4 4
1 6 7
2 6 9
2 6 7
1 7 7
2 4 6
2 5 9
2 6 8
2 5 9
9
7 6 4 2 1 7 3 6 2
19
2 3 9
2 1 1
1 7 8
2 7 8
1 6 9
1 2 4
1 6 7
2 1 5
2 7 9
1 5 7
2 7 8
2 1 6
1 3 5
1 3 5
2 1 9
2 3 6
2 3 5
2 6 6
1 1 6
7
6 6 10 7 10 6 9
15
2 4 4
1 1 5
2 3 4
2 3 4
2 2 4
2 1 3
1 1 3
2 1 5
2 3 5
1 5 7
1 3 5
2 3 7
1 1 7
1 1 4
2 4 4
9
1 4 3 9 1 7 6 2 10
19
1 1 8
2 4 9
1 5 7
1 5 8
1 3 8
2 7 8
1 2 7
1 1 5
2 2 9
1 3 9
1 2 5
2 8 8
2 9 9
2 2 9
1 1 3
1 5 7
1 5 9
2 1 4
2 2 5
3
1 3 1
7
2 1 2
2 1 1
2 1 1
2 2 3
1 1 2
2 1 2
2 2 2
5
5 9 10 9 4
11
1 1 1
2 5 5
1 2 3
2 2 4
1 1 4
1 2 5
1 3 5
1 1 2
1 3 4
1 2 3
2 1 4
2
5 5
5
2 2 2
2 1 2
2 1 2
1 1 1
2 2 2
6
4 9 4 7 5 4
13
1 4 6
1 1 2
1 2 2
1 1 2
1 2 5
2 1 3
1 3 5
1 2 4
2 1 5
1 3 4
2 2 6
2 1 5
1 1 6
9
1 6 4 9 4 7 10 3 8
19
1 2 7
1 1 2
2 1 4
1 4 9
1 4 9
1 3 3
1 2 4
1 3 9
2 2 3
2 6 6
1 7 8
1 1 8
1 6 9
1 6 9
1 1 7
2 3 5
1 8 8
2 6 9
1 6 9
7
4 6 9 8 2 4 7
15
2 1 3
2 2 7
1 2 4
1 2 2
2 2 4
2 3 5
2 2 7
1 1 5
2 4 6
2 4 6
1 1 6
1 1 3
1 6 7
1 1 4
2 4 5
10
5 10 8 9 9 4 3 3 7 8
21
1 5 6
1 1 5
1 3 9
1 2 10
1 6 9
2 5 5
2 4 4
2 5 5
1 6 7
1 4 8
2 1 10
2 10 10
2 2 7
1 1 10
1 2 3
2 1 10
1 6 9
2 1 5
1 3 7
1 2 3
1 2 8
6
9 5 9 10 7 3
13
2 4 5
2 4 5
1 2 4
1 5 6
1 2 6
1 3 3
1 4 4
1 1 4
1 2 3
1 2 4
1 1 3
1 1 5
1 2 5
4
3 5 2 8
9
2 1 3
1 1 3
1 3 3
2 3 4
1 2 4
1 1 2
1 1 2
1 1 4
1 2 3
9
4 4 7 6 4 9 4 1 8
19
1 1 6
1 3 7
1 2 8
1 3 9
1 4 7
2 2 4
2 3 5
2 2 7
1 1 2
2 2 8
1 4 5
1 1 6
1 9 9
1 4 7
2 2 4
2 4 8
2 5 6
2 4 7
2 2 2
2
6 1
5
1 1 2
2 1 2
2 1 1
2 2 2
1 1 1
7
2 5 5 8 3 9 8
15
1 4 7
2 4 4
1 1 4
1 1 5
2 1 2
1 2 3
1 3 4
2 3 6
2 1 6
2 2 7
1 2 6
1 3 6
2 6 7
2 4 5
2 1 2
4
5 3 8 7
9
1 1 2
1 2 3
2 1 4
1 1 3
1 1 4
1 1 1
2 4 4
2 2 4
1 2 3
5
4 9 10 6 9
11
2 4 5
1 1 5
2 2 4
1 5 5
1 2 4
2 1 3
1 2 3
1 1 2
1 1 4
1 2 2
1 2 5
5
5 9 8 6 9
11
1 1 4
1 3 4
2 1 2
1 1 1
2 1 4
1 4 5
1 1 5
1 3 4
2 3 4
1 1 5
2 2 2
3
5 3 1
7
1 3 3
1 2 3
2 1 3
1 1 2
1 2 3
2 1 3
1 2 3
8
8 4 1 1 10 10 2 2
17
2 3 7
2 6 7
2 3 6
2 3 4
1 1 8
2 2 3
1 3 8
2 5 6
2 4 8
2 4 7
1 4 5
2 5 8
1 4 7
1 3 6
1 4 6
1 1 3
2 4 8
1
10
3
1 1 1
2 1 1
2 1 1
9
1 4 3 2 10 2 10 2 5
19
2 2 8
2 1 4
2 3 6
1 1 3
2 6 9
1 1 2
2 9 9
2 3 5
2 6 7
1 5 8
1 2 5
2 1 8
2 3 4
2 4 7
1 2 8
1 4 5
1 4 6
2 1 8
1 6 7
3
10 7 6
7
1 2 3
1 2 3
1 2 2
2 3 3
1 1 3
1 3 3
2 1 2
5
3 7 1 10 9
11
1 1 5
2 2 5
1 4 4
2 2 4
1 3 5
1 1 5
1 1 1
2 2 5
1 2 3
1 1 5
1 3 3
7
2 8 8 2 3 5 8
15
1 2 5
1 4 4
1 5 7
2 2 4
2 2 4
2 6 7
1 2 5
1 4 7
1 3 6
2 2 4
2 1 3
1 1 2
2 2 6
2 1 6
1 2 4
1
6
3
1 1 1
2 1 1
1 1 1
9
5 8 2 1 2 9 4 8 8
19
2 1 6
2 6 6
2 3 8
2 4 9
1 2 8
1 1 8
2 6 9
1 5 9
1 2 7
1 4 4
1 1 3
1 4 8
1 4 9
1 3 6
1 8 9
2 2 5
2 3 8
2 2 5
1 2 4
5
5 9 1 7 7
11
1 3 3
1 1 4
2 1 2
2 2 5
1 1 4
2 2 4
2 3 5
2 2 3
1 1 3
2 1 3
1 2 2
10
4 9 6 4 2 6 6 10 5 1
21
1 7 10
1 5 8
1 4 4
1 1 8
1 2 8
2 1 2
1 1 6
1 7 8
2 3 7
2 3 10
1 7 7
2 4 9
2 1 4
2 7 9
1 2 3
2 5 8
1 2 5
1 4 10
1 1 7
2 8 9
1 5 6
7
2 4 3 10 1 5 10
15
1 4 5
2 1 1
1 4 6
2 2 4
1 2 4
1 3 6
2 4 6
1 1 2
1 1 5
1 5 7
1 5 7
1 4 7
1 1 5
1 5 6
1 4 6
10
1 6 8 10 4 6 1 9 6 3
21
1 2 8
2 8 9
2 3 9
2 1 5
2 5 6
1 1 6
2 3 4
2 5 7
1 7 8
1 8 8
2 1 10
2 3 7
2 2 7
2 5 5
1 1 6
1 5 10
2 1 4
1 5 7
2 3 6
2 5 5
2 1 2
5
9 6 5 4 10
11
2 1 4
2 3 5
1 1 5
2 2 3
2 1 3
2 1 1
1 3 3
1 1 2
1 2 4
1 3 4
2 1 2
3
10 6 9
7
1 2 2
2 1 3
1 1 3
1 3 3
2 2 2
1 1 2
2 3 3
7
3 8 2 2 2 2 9
15
2 3 4
2 2 6
2 4 7
1 3 4
2 2 6
1 1 5
2 2 3
2 1 6
2 1 3
1 6 7
2 1 3
1 2 4
2 2 2
2 4 5
1 2 7
9
2 3 7 6 5 3 2 6 2
19
1 1 8
1 8 9
1 6 8
2 7 9
2 3 7
2 5 8
1 1 7
2 9 9
1 3 5
2 6 6
2 3 8
1 7 8
1 8 9
2 5 7
2 1 7
2 1 4
1 3 6
2 2 8
1 3 6
9
5 8 6 1 6 6 7 4 2
19
2 6 9
1 3 4
2 4 6
1 4 8
1 7 8
1 3 4
2 1 3
2 5 7
1 5 7
1 2 7
1 3 5
2 5 8
2 7 8
1 5 6
2 2 2
1 8 9
2 2 7
2 4 5
1 5 7
2
1 5
5
1 2 2
1 2 2
2 1 2
2 1 1
2 1 2
8
5 8 6 2 8 1 7 2
17
1 4 8
1 4 8
2 6 8
1 1 7
1 3 7
1 6 6
2 4 5
1 4 6
2 1 4
1 2 6
2 2 8
1 2 4
1 2 2
1 1 6
1 5 6
2 3 4
2 8 8
5
9 9 3 10 9
11
1 1 4
2 2 2
1 3 4
1 1 5
1 1 5
2 1 2
2 4 5
2 2 4
1 1 4
1 4 5
2 2 5
9
4 10 10 4 5 4 6 1 6
19
2 5 6
2 2 3
1 7 9
2 2 5
1 1 3
1 7 9
1 3 6
2 5 7
1 1 7
1 2 5
1 1 1
2 4 7
2 4 9
1 4 8
1 6 8
2 6 8
1 3 9
1 3 6
2 1 1
9
10 10 1 7 8 3 4 6 7
19
1 2 9
1 4 7
2 7 8
1 2 7
2 2 6
2 1 8
2 1 4
1 3 9
2 5 6
2 6 8
1 3 9
2 8 9
2 6 9
1 5 6
2 3 8
1 3 7
1 3 6
2 7 8
1 1 4
2
1 4
5
2 1 1
1 1 2
2 2 2
1 1 2
1 1 2
6
7 7 6 8 2 7
13
2 3 6
2 1 5
2 1 5
2 2 6
1 1 6
2 1 4
2 3 6
1 1 4
2 3 4
2 2 3
2 2 4
2 2 6
2 3 3
10
7 6 4 8 4 5 4 9 9 3
21
1 7 10
2 3 9
2 8 8
1 2 4
1 2 7
1 5 10
2 5 10
2 4 6
2 3 3
1 8 10
1 4 8
2 5 8
2 5 9
1 7 8
1 5 8
2 4 8
1 2 3
2 7 9
2 3 6
2 1 1
2 1 9
7
3 7 9 10 7 6 4
15
1 2 4
2 2 6
1 1 6
2 5 7
2 3 6
1 1 7
1 1 3
2 2 6
2 5 6
1 3 7
1 6 7
1 3 5
1 2 4
2 3 5
2 1 2
5
5 5 10 2 4
11
2 1 3
1 4 4
1 2 2
1 1 3
1 2 2
2 2 3
2 1 2
1 1 2
2 4 5
1 2 3
1 4 5
4
5 2 4 8
9
2 3 3
1 1 2
1 4 4
1 1 3
2 1 2
2 2 3
2 1 4
1 1 3
1 2 4
6
5 6 5 5 8 9
13
1 3 5
2 4 5
1 3 5
2 1 6
1 1 5
2 2 6
2 4 6
2 5 6
2 1 4
2 2 5
2 5 5
1 1 3
2 4 6
6
2 1 10 10 1 6
13
1 4 5
2 2 6
1 5 6
1 3 4
2 3 4
2 4 6
2 2 3
1 3 6
1 3 4
2 3 3
2 4 5
1 1 5
2 4 5
6
7 4 9 8 6 2
13
2 4 4
2 6 6
2 2 3
1 2 6
1 2 3
1 5 5
1 1 5
2 3 5
1 3 5
1 4 4
1 2 4
2 2 3
1 3 3
6
3 1 1 3 1 10
13
1 2 4
1 1 4
1 2 6
2 1 6
1 1 6
2 3 4
2 1 2
2 2 2
2 1 4
2 1 6
2 6 6
1 1 4
1 4 5
2
8 1
5
1 1 2
2 1 2
2 1 2
2 1 2
2 1 1
7
10 9 6 9 8 4 6
15
2 1 6
2 2 4
2 3 5
1 1 2
1 6 7
1 1 2
2 3 4
1 1 3
1 6 6
1 1 6
1 3 5
1 1 6
2 2 5
1 2 3
2 7 7
9
5 6 10 8 7 7 6 1 10
19
1 1 7
2 5 8
2 7 8
1 4 5
1 5 6
2 4 6
2 2 8
2 1 2
2 7 9
1 1 9
1 2 7
1 3 8
1 1 7
1 4 4
1 1 2
2 2 9
2 3 5
1 2 8
2 7 9
10
4 6 2 10 1 1 9 5 5 4
21
2 6 8
2 7 10
1 3 7
2 1 8
2 1 9
1 4 5
1 2 4
1 1 6
2 9 10
1 4 4
1 3 7
1 9 9
1 1 2
1 1 10
1 5 8
2 9 10
2 7 7
1 8 8
2 2 9
2 2 5
2 1 9
8
4 5 10 10 10 5 9 8
17
1 6 8
2 2 7
2 1 4
2 1 5
1 4 5
2 4 7
1 3 4
2 2 5
2 1 5
1 3 6
2 1 4
1 1 6
2 4 8
1 5 6
1 3 8
2 3 6
1 3 5
9
7 5 8 7 2 7 2 9 4
19
2 4 7
1 4 6
2 3 8
1 5 5
1 5 8
2 2 2
2 1 7
1 2 9
2 1 6
2 3 8
2 5 6
2 3 8
2 4 9
1 2 6
1 1 5
1 1 6
2 8 9
2 2 9
2 6 7
3
1 9 9
7
1 2 3
1 1 2
2 1 3
1 1 3
1 1 1
2 1 2
1 3 3
7
10 3 5 3 9 1 10
15
2 3 7
1 4 5
1 1 6
1 1 7
2 2 6
1 4 7
2 2 7
1 3 6
1 3 7
2 2 5
1 4 4
2 4 7
1 1 1
1 5 5
1 3 6
7
5 10 4 2 6 3 10
15
1 6 7
1 2 6
1 2 6
2 3 4
1 2 7
2 1 1
2 6 7
2 5 7
2 3 7
1 6 7
2 2 7
1 3 5
1 1 7
2 2 5
2 2 7
3
6 9 1
7
2 3 3
2 1 1
1 1 2
1 3 3
1 1 1
1 1 1
1 1 1
4
6 3 7 1
9
1 3 4
1 1 3
1 1 2
1 1 2
1 3 3
1 2 4
2 2 4
1 1 2
1 1 2
9
8 7 2 1 3 7 10 9 6
19
1 1 8
1 2 3
2 2 4
2 3 4
1 8 8
2 6 8
2 3 9
1 3 8
1 3 6
1 5 8
2 7 8
2 4 9
2 5 8
1 6 8
2 7 9
2 3 9
2 3 4
2 7 9
1 6 7
3
5 2 6
7
2 1 3
1 3 3
1 2 3
2 1 2
2 3 3
1 1 2
2 1 3
8
4 2 10 8 4 6 8 9
17
1 1 4
1 2 3
1 5 6
2 2 8
1 6 8
1 3 7
2 1 7
1 4 8
2 3 6
1 4 7
1 3 6
2 3 4
1 1 4
1 2 6
1 5 7
1 1 6
2 3 7
5
8 4 1 3 3
11
2 1 5
2 2 4
1 1 5
2 2 3
1 3 4
2 4 4
1 2 2
1 4 5
2 2 3
1 1 3
1 2 5
5
6 9 4 5 10
11
2 1 5
1 4 5
2 2 5
2 1 3
1 2 4
1 1 4
2 2 4
2 2 3
2 2 5
1 1 3
1 2 4
4
7 5 3 7
9
1 1 2
1 3 4
1 2 3
1 1 3
2 2 4
1 3 4
1 1 3
2 3 4
2 3 3
5
7 7 2 4 2
11
2 2 2
2 2 4
1 4 4
2 1 5
2 3 3
2 2 5
1 1 5
2 2 4
2 2 3
2 2 5
2 5 5
2
9 4
5
2 1 1
1 1 2
1 2 2
2 1 2
2 2 2
10
10 4 3 5 2 1 8 10 5 5
21
2 4 7
1 4 9
1 6 8
2 3 10
1 7 8
2 5 6
2 3 8
1 3 3
1 1 8
2 8 10
2 2 4
1 3 10
2 2 4
1 9 10
1 4 10
1 1 1
1 1 2
2 3 8
1 1 9
1 1 5
1 5 8
6
2 9 6 5 9 2
13
1 3 3
2 1 2
1 1 3
2 2 2
2 1 5
1 4 5
1 2 6
1 1 4
1 2 3
1 1 1
1 4 5
1 3 4
1 2 3
4
9 8 10 7
9
2 1 2
1 3 4
1 1 1
2 1 2
2 1 3
1 2 2
1 1 4
2 3 4
2 1 4
4
6 8 3 2
9
1 1 4
2 1 2
2 4 4
2 1 4
1 1 3
1 1 2
2 3 4
2 1 2
1 1 1
8
10 4 7 5 4 1 9 3
17
1 4 4
1 4 8
1 1 2
1 2 7
1 1 7
1 2 3
1 6 7
2 6 6
2 3 4
2 3 4
1 5 6
1 3 6
1 6 8
1 7 8
1 1 2
2 7 8
1 1 3
4
8 6 7 9
9
1 2 2
1 1 1
1 2 4
1 3 4
2 2 2
1 3 4
2 1 2
1 2 3
2 3 4
2
5 1
5
1 1 2
1 1 2
2 1 2
2 1 2
2 1 2
8
5 9 8 6 10 6 5 2
17
1 3 8
2 5 6
1 6 8
1 2 7
2 3 3
2 1 3
1 6 7
1 6 8
1 1 5
2 3 8
2 7 7
1 4 5
2 1 6
1 2 4
1 3 6
2 6 7
2 4 6
2
9 8
5
2 1 2
2 2 2
1 2 2
2 1 2
2 2 2
3
10 5 1
7
1 1 2
1 1 1
1 1 2
1 1 3
2 2 3
1 1 2
2 1 2
2
3 1
5
1 1 2
1 2 2
1 1 1
2 1 2
2 1 1
7
6 9 3 6 6 1 8
15
2 3 6
2 3 3
2 6 6
1 3 6
1 2 5
1 7 7
2 5 7
2 2 4
1 2 3
2 2 5
2 1 4
1 5 6
2 2 3
2 2 6
1 5 7
4
1 3 7 10
9
1 2 4
2 2 3
1 2 3
1 2 3
2 2 2
1 1 2
1 3 3
2 1 3
1 2 3
4
2 2 2 3
9
1 1 3
2 2 4
1 3 4
1 1 4
1 2 2
1 2 4
1 2 4
2 1 1
2 1 3
7
9 2 9 7 3 8 3
15
2 4 4
2 1 5
1 3 7
1 2 3
1 1 5
1 2 5
2 2 4
2 1 6
1 3 4
2 4 5
2 3 6
1 2 5
2 3 7
1 1 2
2 3 6
8
4 6 9 6 4 9 6 2
17
2 7 8
1 1 2
1 2 6
1 3 7
1 3 6
2 5 7
1 1 2
1 3 6
2 3 8
2 4 7
1 3 4
2 3 6
2 2 6
2 5 5
2 3 8
1 1 5
2 1 6
4
8 2 3 4
9
2 1 1
2 3 3
2 1 4
1 1 1
1 1 4
1 3 4
2 1 2
1 3 4
2 2 4
4
8 1 5 6
9
2 1 2
1 4 4
2 1 3
2 3 4
1 2 2
1 1 4
1 2 3
1 3 4
2 2 4
4
4 9 6 8
9
1 1 3
2 2 4
2 1 2
1 2 3
1 2 3
1 2 4
2 1 3
2 1 4
2 1 3
3
3 9 3
7
1 2 3
1 1 1
2 1 2
1 2 2
2 1 2
2 2 3
2 2 3
4
9 7 3 3
9
2 2 3
1 3 4
2 2 2
1 2 2
2 1 2
1 2 4
2 2 3
2 3 4
2 3 4
2
8 9
5
2 1 1
2 2 2
1 1 2
2 1 2
2 2 2
2
8 6
5
2 1 2
1 1 2
2 1 2
2 1 1
2 1 2
5
4 5 4 1 10
11
1 3 4
2 4 4
2 1 3
2 1 3
2 1 4
1 5 5
1 1 4
1 2 2
2 1 3
2 1 2
1 4 4
4
3 2 2 1
9
2 2 2
1 2 2
2 3 4
2 1 2
2 2 3
2 3 4
2 1 3
2 1 1
2 2 4
2
9 8
5
1 1 2
1 1 1
1 2 2
1 2 2
1 1 1
4
10 5 3 1
9
2 2 4
1 3 3
2 1 3
1 2 4
1 1 4
1 4 4
1 1 2
1 1 2
1 1 4
5
1 8 10 4 4
11
1 2 4
1 1 3
2 2 5
1 1 5
1 2 3
1 1 1
1 3 5
1 1 3
1 2 3
1 4 5
1 1 4
9
7 4 1 6 10 4 3 9 3
19
2 4 6
1 4 7
1 3 5
1 1 4
2 5 7
1 3 6
1 3 3
1 4 4
2 6 8
2 2 7
2 4 9
1 3 5
1 1 4
1 3 4
1 2 5
1 2 9
1 3 7
1 2 5
2 3 7
7
8 1 8 10 8 8 9
15
1 2 3
2 2 7
2 2 3
1 2 3
2 3 6
1 4 6
2 1 2
1 3 7
2 3 5
1 5 6
2 1 5
1 3 5
2 1 5
2 4 7
1 7 7
10
4 6 6 6 8 5 4 2 4 10
21
2 5 5
2 1 3
2 3 3
2 4 5
1 2 10
2 2 4
1 3 8
2 8 10
1 8 10
1 9 10
1 2 9
1 2 8
1 4 10
1 6 10
2 9 10
1 4 10
1 1 3
1 1 7
1 2 10
1 2 9
2 1 10
5
8 7 2 4 6
11
1 3 4
1 1 3
2 3 4
1 1 2
2 2 4
1 1 3
2 3 3
1 3 4
1 3 3
1 5 5
2 5 5
9
9 5 3 4 1 2 6 2 6
19
1 5 6
1 1 5
1 1 3
1 4 7
2 4 5
2 3 6
1 2 5
2 1 9
1 1 7
1 5 6
2 4 5
1 1 3
2 2 5
2 6 6
1 4 7
1 1 2
2 3 5
2 7 7
2 2 4
2
2 2
5
2 1 2
1 1 2
2 1 1
1 1 2
1 1 2
2
10 9
5
2 2 2
1 1 2
2 2 2
2 2 2
1 1 2
5
6 3 4 10 10
11
1 2 3
2 1 5
1 2 5
1 1 4
1 1 2
2 4 4
1 2 5
1 2 2
1 2 5
1 2 4
1 4 5
6
1 4 8 5 5 3
13
2 4 6
1 1 2
1 3 6
2 2 3
2 1 4
1 1 2
1 1 1
1 5 6
2 1 6
2 2 4
1 2 5
1 3 6
2 6 6
9
1 6 7 2 6 7 6 6 7
19
2 1 2
1 2 4
1 8 8
2 5 8
1 1 5
2 2 7
1 1 5
2 1 4
2 3 4
2 1 9
2 1 6
2 8 9
1 1 6
1 1 2
1 3 8
2 3 4
1 8 9
2 4 6
2 5 5
10
10 5 3 9 4 8 5 7 9 2
21
2 6 6
2 5 10
2 3 10
2 5 10
1 3 8
2 4 8
2 1 7
2 4 10
2 6 8
1 2 3
2 6 10
2 5 9
2 2 2
2 2 6
1 4 4
1 9 9
1 7 7
1 8 10
1 3 3
1 3 7
2 4 8
4
5 6 4 6
9
2 3 3
2 1 3
2 2 3
2 1 4
1 1 1
2 2 2
1 2 3
2 1 4
2 2 3
6
7 7 7 8 7 6
13
1 1 2
2 6 6
2 5 6
2 2 6
1 3 4
1 3 3
1 5 6
1 1 5
1 4 6
1 2 2
1 1 6
1 3 6
2 3 4
2
1 5
5
2 1 2
1 1 2
1 1 1
1 2 2
1 2 2
6
8 8 8 10 7 2
13
1 1 6
2 4 6
2 3 3
2 3 4
1 2 3
2 1 3
1 1 5
2 3 4
2 5 6
2 2 5
2 4 6
1 3 4
1 2 5
7
9 4 6 3 10 4 9
15
2 1 5
2 2 3
2 1 5
2 3 4
1 4 6
1 3 4
1 5 5
2 5 7
2 2 7
1 6 7
1 3 6
1 4 7
2 3 5
1 5 6
1 1 6
8
8 2 7 9 6 1 9 4
17
2 6 6
1 3 5
2 2 8
1 1 5
2 4 7
2 4 7
2 5 5
1 5 7
1 2 3
1 1 4
2 7 8
2 5 7
1 2 3
1 4 8
1 5 8
1 2 2
1 4 4
2
1 3
5
2 2 2
2 2 2
1 1 2
2 2 2
1 1 1
6
6 4 1 9 4 9
13
1 1 2
2 2 6
2 3 3
2 2 6
1 6 6
2 2 2
1 4 5
2 5 6
1 2 3
2 4 5
1 1 2
2 1 6
2 3 4
2
8 9
5
1 1 1
1 1 2
2 2 2
1 1 2
1 2 2
2
6 2
5
2 1 1
1 1 2
2 1 2
2 1 1
1 2 2
4
1 1 4 2
9
2 4 4
2 1 1
2 1 3
2 2 4
1 2 4
2 1 4
1 2 3
2 2 4
2 3 4
4
5 9 1 10
9
2 2 4
1 2 3
1 1 1
2 1 2
1 1 4
2 1 2
1 2 4
2 1 1
1 2 4
8
6 8 5 8 2 8 3 4
17
2 4 7
1 4 7
1 4 8
1 1 8
2 3 6
1 2 6
1 4 6
1 5 6
2 3 4
1 8 8
2 1 7
2 4 8
2 2 5
1 2 3
2 2 5
1 2 7
1 4 6
4
6 3 6 4
9
1 2 4
1 1 3
1 2 4
1 1 3
2 1 3
1 1 3
2 3 4
1 3 4
1 1 4
2
9 2
5
2 1 2
2 1 1
2 1 1
2 2 2
1 1 2
4
8 3 7 3
9
2 4 4
1 1 1
1 1 1
1 3 4
2 2 4
1 1 2
2 2 4
2 1 2
2 2 3
10
5 4 6 1 10 2 2 5 2 5
21
1 2 7
2 5 7
1 2 7
1 3 7
2 1 7
2 1 4
2 2 10
1 5 5
2 5 9
1 1 9
1 6 9
2 3 4
2 3 3
2 8 8
1 1 1
1 5 6
2 1 6
2 10 10
1 1 2
2 2 10
2 1 10
6
7 4 4 7 4 9
13
1 5 5
2 2 2
2 1 2
2 3 4
1 1 1
2 1 3
1 5 6
2 2 6
2 3 4
1 2 3
2 1 2
1 2 6
2 2 6
7
10 1 4 9 9 4 8
15
2 3 5
2 3 5
2 1 6
2 5 7
1 5 7
1 2 6
2 4 6
2 3 6
1 4 5
1 1 4
1 1 3
1 1 4
2 5 7
2 1 6
2 1 3
4
9 3 1 6
9
1 1 3
1 1 4
2 1 1
1 2 2
2 2 3
1 2 3
1 1 2
1 1 3
2 3 3
8
7 2 2 2 2 7 4 8
17
1 7 8
2 2 7
2 2 5
1 4 6
1 5 7
2 1 5
1 5 7
2 3 7
2 5 8
2 3 4
2 1 8
2 1 7
1 3 7
2 1 7
1 3 4
2 1 3
1 2 6
9
2 9 10 8 7 7 6 7 7
19
2 4 4
2 2 6
1 1 5
2 6 6
1 5 7
2 6 9
1 3 9
2 1 6
1 2 6
1 2 9
2 3 5
2 6 8
2 1 8
2 3 5
2 3 3
2 4 6
1 5 7
2 3 9
2 2 6
10
5 8 1 5 3 2 4 9 9 6
21
1 3 5
2 4 6
1 2 3
2 1 5
2 2 10
2 5 10
2 5 6
2 2 8
1 2 9
1 3 7
1 4 5
1 6 10
2 5 9
2 5 8
2 7 9
2 2 3
1 8 9
2 1 3
1 4 8
1 4 5
2 2 6
7
6 6 6 1 8 5 6
15
2 4 6
2 2 7
2 2 3
1 2 3
2 3 4
1 4 7
2 1 6
1 1 4
1 6 6
1 4 6
1 5 6
1 3 6
1 4 7
1 3 3
2 1 3
5
9 2 9 5 8
11
2 4 5
1 1 2
2 2 5
1 2 3
1 2 2
2 2 2
2 1 2
1 4 5
2 1 5
1 5 5
1 1 4
5
2 4 7 6 4
11
1 2 5
2 1 4
1 2 4
1 1 4
1 2 4
1 1 2
1 1 2
2 3 5
1 2 4
1 3 4
1 4 4
8
7 7 6 9 1 5 3 2
17
2 1 3
2 4 8
2 6 6
1 8 8
2 1 7
2 1 2
1 1 4
1 2 4
1 1 1
1 3 5
2 2 8
2 1 7
2 6 6
2 1 4
1 3 4
1 4 7
2 1 5
10
3 9 3 8 10 3 7 8 2 1
21
1 7 9
2 7 9
1 2 9
1 5 8
1 7 9
2 6 10
2 3 9
1 1 9
1 6 10
1 2 4
1 6 6
1 8 10
2 6 8
2 5 6
1 2 3
2 4 10
1 5 7
2 2 8
1 4 6
2 3 5
1 2 7
2
6 5
5
2 1 2
2 2 2
1 1 1
1 1 1
2 2 2
4
7 8 3 9
9
1 2 3
2 1 2
1 1 1
1 1 2
1 2 2
2 1 3
2 2 2
1 1 4
2 1 3
3
1 3 8
7
2 2 3
1 1 2
1 1 3
1 1 2
1 3 3
2 1 3
2 2 2
2
1 7
5
1 1 2
1 1 2
1 1 1
2 1 2
1 1 2
2
10 7
5
1 1 1
1 2 2
2 1 1
1 2 2
1 1 2
2
2 5
5
2 1 2
2 1 1
1 1 1
1 1 1
2 2 2
9
7 9 4 1 9 4 3 8 1
19
1 7 8
2 2 2
1 5 9
1 1 4
1 1 9
1 6 9
2 3 8
1 1 9
2 6 8
1 1 5
2 2 8
1 2 2
1 1 3
2 6 9
2 9 9
1 8 9
1 2 3
2 2 5
1 7 9
4
1 1 3 2
9
2 1 2
2 2 3
1 3 3
2 1 2
2 2 3
1 1 4
1 2 3
1 2 3
2 1 2
2
9 6
5
1 2 2
1 1 2
2 1 2
1 1 2
1 1 2
6
6 2 10 2 5 9
13
2 1 1
1 4 6
2 1 3
1 5 6
1 3 5
2 2 6
1 1 3
1 1 5
1 1 4
1 5 6
2 2 3
2 5 5
2 1 3
10
9 9 3 6 2 9 3 10 3 8
21
1 3 8
2 2 5
2 2 5
1 1 9
1 6 9
1 2 9
2 9 9
2 4 7
2 5 10
1 7 10
1 3 5
1 2 9
2 8 10
1 1 2
1 5 7
2 5 10
2 6 10
2 7 10
2 3 4
1 2 7
1 4 9
2
3 5
5
2 1 2
2 1 1
2 1 2
2 1 2
1 1 1
4
7 5 10 5
9
1 2 3
2 3 3
1 3 4
1 1 2
2 3 4
2 1 4
1 1 2
1 1 2
2 3 3
3
10 5 1
7
2 1 3
2 3 3
2 1 2
2 1 3
1 1 2
2 3 3
1 2 2
8
10 10 10 7 5 1 7 1
17
2 7 8
1 5 6
1 1 2
2 4 6
1 3 8
2 4 5
2 7 8
2 4 8
2 8 8
1 5 7
1 3 6
2 6 7
1 4 4
1 3 3
2 2 4
1 6 6
2 5 6
8
5 7 8 10 1 5 4 10
17
2 3 4
2 1 2
1 3 7
1 1 2
1 1 4
1 4 8
1 1 6
1 1 4
1 8 8
2 3 8
2 1 4
2 3 4
2 6 7
2 2 5
1 5 8
1 4 7
2 3 5
5
7 5 5 3 10
11
2 1 2
1 1 2
1 1 5
1 1 3
2 3 3
2 4 4
1 1 4
1 1 5
1 2 4
2 1 2
1 2 4
6
9 7 4 9 9 2
13
2 4 6
2 4 5
1 3 4
1 1 1
2 2 5
2 4 6
2 6 6
2 2 4
2 1 4
1 2 4
2 2 6
1 1 5
2 3 6
3
9 8 10
7
1 2 2
1 1 3
1 1 2
2 2 3
1 1 3
1 1 3
1 1 2
8
1 7 6 10 1 6 3 7
17
2 4 4
1 7 8
1 1 1
2 6 8
1 3 8
1 1 4
1 4 6
2 1 5
1 2 3
2 6 7
2 6 8
1 6 8
2 2 7
2 4 7
1 1 8
2 5 6
1 4 7
6
3 1 10 1 6 9
13
2 2 6
2 1 3
2 3 4
2 1 1
1 2 6
1 1 6
2 2 4
2 2 4
2 2 6
1 1 5
2 2 4
2 2 6
2 2 4
5
5 10 7 3 2
11
1 5 5
2 2 4
2 2 3
2 1 2
1 3 5
2 2 5
2 2 2
2 2 2
1 1 5
1 3 4
1 4 5
10
10 4 10 7 10 6 4 10 3 9
21
1 8 10
2 2 2
1 9 9
2 7 8
1 3 10
2 5 6
2 4 4
2 1 5
1 1 8
2 2 9
1 4 6
1 9 10
1 1 4
2 4 4
2 1 2
1 2 8
1 2 5
2 2 10
2 6 10
1 4 10
1 3 10
9
10 9 5 3 1 8 7 8 5
19
2 5 6
2 2 7
1 6 7
2 1 1
2 5 6
2 3 9
1 5 9
2 1 3
1 2 8
2 3 6
1 3 5
2 3 7
1 8 8
1 1 6
2 3 5
1 3 7
2 3 9
1 1 8
1 6 9
9
5 7 9 7 5 3 8 8 9
19
1 4 7
2 4 7
2 3 5
2 1 8
2 2 7
2 4 8
2 3 3
1 2 9
2 2 7
2 9 9
2 6 9
2 2 4
1 1 2
1 6 9
1 2 5
1 1 5
1 5 9
1 2 7
1 2 3
8
8 9 2 7 2 7 5 2
17
1 1 6
1 1 7
1 4 6
2 2 2
2 3 6
1 3 7
1 7 8
2 3 8
1 4 8
2 3 7
2 8 8
2 4 6
1 2 8
1 5 7
2 4 6
2 7 8
2 1 7
6
10 4 8 3 2 8
13
2 6 6
2 2 5
2 2 2
2 2 2
1 2 5
1 2 5
2 3 3
2 4 6
1 2 6
1 1 3
1 4 5
1 5 6
1 2 5
8
9 7 8 6 1 9 4 1
17
1 5 6
1 2 8
2 3 4
1 3 6
2 6 8
2 4 4
2 1 3
2 8 8
1 1 7
1 2 7
1 1 4
1 2 7
1 7 8
2 3 5
2 6 7
1 4 6
2 2 8
8
8 7 10 9 3 5 3 2
17
2 2 4
2 5 8
2 6 6
2 2 4
2 2 6
1 1 7
1 4 8
2 3 6
2 3 5
1 1 3
2 4 8
2 7 8
1 1 4
1 1 1
2 2 8
2 8 8
1 7 8
10
10 1 2 1 8 4 1 7 5 5
21
1 4 8
2 2 5
1 3 10
2 5 6
1 3 6
2 1 8
1 5 5
2 3 7
1 2 5
1 5 5
1 3 5
2 7 8
1 1 3
2 5 9
1 2 5
2 2 5
1 5 7
1 7 7
1 1 9
2 2 9
2 9 9
3
2 9 8
7
2 3 3
1 1 1
1 2 3
1 1 3
1 1 1
2 1 3
1 1 1
6
6 2 8 4 2 7
13
1 5 6
1 1 2
2 1 3
2 3 3
1 1 3
1 1 4
2 1 3
1 1 6
2 1 1
2 2 6
2 3 6
1 1 1
2 3 6
10
6 4 5 3 9 6 5 5 3 4
21
2 3 5
1 8 9
1 5 8
2 3 6
2 4 9
2 3 5
2 3 9
1 6 9
2 1 6
1 1 8
2 5 10
2 4 10
2 1 3
1 6 10
1 3 7
2 8 8
2 5 10
2 3 8
1 4 9
1 2 10
1 5 10
5
3 6 9 3 7
11
1 2 3
2 3 5
2 5 5
1 1 4
2 5 5
1 1 3
2 5 5
2 1 1
2 1 5
1 5 5
1 1 5
6
2 6 8 6 9 3
13
1 1 3
2 2 6
1 4 5
1 3 4
1 2 3
2 4 5
1 2 4
2 2 2
2 2 2
1 2 3
2 1 4
1 1 3
1 5 5
5
6 4 9 7 8
11
1 1 5
1 2 3
1 1 2
1 2 3
2 5 5
1 1 1
1 2 3
1 1 5
1 2 5
1 2 3
2 1 3
10
8 10 4 6 8 2 3 3 4 3
21
1 1 8
2 6 7
2 6 9
2 9 10
1 5 9
2 6 6
1 3 10
2 1 5
1 4 6
1 6 7
1 7 7
1 6 9
2 1 8
1 2 3
1 5 7
1 4 10
2 5 8
2 3 3
1 3 6
2 8 10
2 2 7
3
2 9 4
7
1 3 3
2 1 2
2 1 2
2 1 3
2 2 2
1 1 3
2 1 2
10
6 8 5 9 2 6 10 8 9 6
21
2 1 7
1 1 1
2 6 8
1 2 8
1 5 9
2 3 8
2 1 8
1 7 9
2 2 7
2 1 9
2 1 3
2 3 10
1 2 7
2 2 6
2 5 9
1 9 10
2 1 3
1 3 9
2 4 10
1 6 7
2 3 9
5
9 3 9 8 4
11
1 1 3
2 3 5
2 3 4
2 5 5
1 2 4
2 1 3
1 3 4
1 3 3
2 2 4
1 1 5
2 4 5
8
1 2 6 10 10 5 6 5
17
2 1 4
2 2 4
1 2 3
2 3 7
2 5 8
2 6 8
2 1 7
1 5 7
2 1 5
1 1 3
1 1 5
1 1 8
1 6 6
1 3 6
2 3 6
1 2 7
1 3 5
8
5 9 1 9 6 5 7 5
17
2 3 6
2 1 7
2 2 5
1 1 6
1 3 5
2 1 3
1 1 3
2 1 2
2 3 3
2 1 7
1 1 8
2 5 7
1 2 4
2 4 8
2 4 5
2 2 7
1 4 7
5
8 4 1 1 3
11
1 1 5
1 1 5
2 2 2
1 1 4
2 1 5
2 1 3
2 4 5
2 1 1
1 1 5
1 1 3
2 5 5
3
5 2 2
7
1 1 1
1 1 1
1 1 3
2 1 3
2 2 3
1 2 3
2 2 2
7
1 9 5 4 8 6 4
15
2 6 7
1 3 7
1 3 5
2 1 6
1 1 4
2 4 6
1 4 5
2 4 7
2 4 5
2 2 4
2 5 5
2 1 5
2 1 5
1 5 6
2 1 2
5
4 2 3 6 6
11
1 4 5
1 1 5
1 3 5
2 1 4
2 1 2
1 3 4
1 4 5
2 3 5
1 3 5
1 5 5
1 2 5
6
10 2 8 8 8 8
13
2 2 4
2 1 2
1 2 6
2 5 6
1 3 6
1 2 6
1 2 4
2 1 6
1 1 4
1 2 6
1 1 2
1 3 5
1 1 5
7
6 4 7 4 4 5 8
15
1 4 6
1 2 6
2 1 5
1 6 7
1 6 7
2 6 7
2 5 7
2 6 7
1 1 4
2 4 7
2 2 4
2 3 7
2 1 2
1 5 6
2 1 2
2
1 1
5
2 1 2
1 1 2
1 1 2
1 1 1
1 1 2
2
5 3
5
2 1 2
1 2 2
2 2 2
2 2 2
2 1 2
8
2 3 7 4 3 5 5 7
17
1 1 4
2 4 5
2 6 8
2 1 6
1 1 3
1 4 8
2 3 5
2 7 8
1 1 1
1 5 5
1 3 5
2 1 2
2 2 5
2 2 2
1 1 3
1 2 4
1 4 5
3
8 7 9
7
2 1 1
1 2 3
2 1 2
1 1 2
2 1 3
1 1 3
1 1 1
2
2 2
5
1 2 2
1 1 2
1 1 1
1 1 2
1 1 2
3
8 3 7
7
1 2 3
2 1 2
1 1 3
2 2 3
1 1 3
2 2 3
2 1 1
10
5 4 2 10 7 8 2 8 1 8
21
1 2 7
1 6 10
1 10 10
1 7 8
2 3 4
1 7 10
2 8 9
2 3 4
2 2 10
2 6 9
1 4 10
2 10 10
1 1 5
1 8 9
1 6 10
1 6 6
1 2 6
1 10 10
1 6 7
1 1 9
2 4 7
2
6 8
5
1 2 2
2 2 2
2 1 2
1 1 2
1 1 2
8
9 2 2 10 2 2 9 10
17
2 3 4
2 3 3
2 3 3
2 8 8
2 3 8
2 6 7
2 1 4
1 6 8
2 2 2
1 4 4
2 3 5
1 7 8
2 2 7
2 6 6
2 1 6
1 1 2
1 3 6
5
9 3 3 7 10
11
2 3 5
2 2 4
1 2 3
2 1 4
1 5 5
2 1 5
2 1 2
2 2 3
1 3 4
1 1 1
2 4 5
6
4 1 5 5 8 10
13
2 3 4
1 1 4
1 2 6
1 1 1
1 2 4
1 3 6
2 3 4
1 3 6
1 2 4
1 1 2
1 1 4
1 3 4
2 6 6
3
8 7 7
7
1 1 1
1 2 3
2 1 2
1 1 3
1 1 3
2 1 2
2 1 2
2
2 10
5
1 1 1
1 1 2
1 2 2
2 1 1
1 1 2
7
8 8 5 5 1 2 7
15
1 3 7
1 4 5
1 2 6
2 1 4
2 4 6
2 5 5
2 1 2
1 2 3
2 2 7
1 1 2
1 4 7
2 1 6
2 5 7
2 6 7
1 2 5
5
1 3 4 10 6
11
2 2 2
2 2 4
2 3 4
1 1 3
2 1 5
2 2 2
1 2 3
2 2 3
1 3 5
1 1 3
2 1 1
4
8 8 7 1
9
1 3 4
1 3 3
1 2 3
2 2 4
2 2 3
1 3 3
1 4 4
2 1 2
2 2 2
3
3 2 5
7
1 2 2
1 1 2
1 1 2
1 1 2
2 2 2
2 2 2
1 1 1
3
3 10 2
7
2 2 2
1 1 2
1 1 2
2 1 2
2 1 2
1 2 3
2 1 1
5
4 8 1 3 8
11
1 1 5
2 1 1
2 4 5
2 1 5
1 4 5
2 1 2
1 3 5
1 1 2
1 1 4
1 1 5
1 1 5
6
10 7 5 4 10 2
13
2 1 5
1 1 4
2 1 5
1 2 6
1 5 6
1 2 5
2 1 5
2 2 4
1 2 6
2 3 6
1 2 6
1 1 4
2 2 6
5
10 7 6 6 6
11
2 2 3
2 2 3
1 1 4
2 4 5
2 3 5
2 2 2
1 1 5
2 1 2
1 1 5
1 3 5
2 3 4
8
5 7 3 7 5 8 8 2
17
1 1 7
2 1 4
2 1 4
1 1 8
2 2 2
2 6 6
2 2 8
2 8 8
1 5 6
1 5 8
2 2 4
1 5 7
2 2 3
2 3 8
2 3 5
2 3 5
2 8 8
3
6 2 3
7
1 2 2
1 1 2
1 2 3
1 1 2
1 1 3
1 1 2
2 2 3
10
5 7 10 3 10 3 9 9 10 6
21
1 5 6
1 2 5
2 4 7
1 3 10
1 10 10
1 1 4
2 4 10
2 1 1
2 7 10
2 1 10
1 1 6
2 5 8
1 1 7
2 2 3
2 5 7
1 6 10
1 1 4
2 4 10
2 1 6
2 1 5
2 2 2
7
3 7 7 6 6 2 3
15
1 2 6
1 3 4
2 1 7
1 3 7
2 1 7
2 4 7
2 2 6
2 5 5
2 6 7
1 6 6
1 1 4
1 3 4
2 1 7
2 6 6
2 4 5
8
7 10 10 3 4 6 2 2
17
2 5 6
2 1 3
1 3 4
1 3 7
1 3 8
1 2 7
1 2 3
2 4 5
2 3 7
1 2 2
1 2 5
1 2 3
1 7 8
1 6 7
1 3 7
2 3 7
1 8 8
2
9 9
5
1 2 2
1 1 2
2 1 2
2 1 2
2 1 2
3
2 9 8
7
2 2 2
2 1 2
1 2 2
2 3 3
1 1 2
2 1 3
2 1 1
3
3 10 7
7
1 2 3
2 1 2
2 2 3
2 2 2
2 2 2
2 1 2
2 2 3
10
9 3 5 10 6 3 10 9 10 9
21
1 4 7
2 2 10
1 5 6
1 1 8
2 10 10
2 4 7
2 5 10
1 5 8
2 3 7
1 5 7
2 6 9
1 3 6
2 4 5
2 1 1
1 1 10
1 2 7
2 1 8
2 10 10
2 6 10
2 5 7
2 8 9
4
5 7 6 2
9
1 2 4
1 2 4
2 2 2
2 1 4
2 1 1
2 1 2
2 1 2
2 2 3
2 1 2
5
1 10 2 2 3
11
1 1 3
2 1 5
1 1 5
1 4 5
2 3 5
2 4 5
1 2 4
2 1 4
1 1 3
1 1 2
2 2 4
6
7 7 8 7 2 7
13
1 2 6
2 1 2
1 3 6
1 4 6
1 2 4
1 1 5
1 1 1
2 4 5
2 4 5
2 1 4
1 4 4
1 3 6
1 3 4
5
10 10 2 3 3
11
2 2 3
1 2 3
1 2 5
2 3 5
1 1 3
2 3 3
2 3 5
2 5 5
1 2 5
1 2 4
1 2 2
3
4 5 9
7
2 1 1
2 1 3
1 1 2
2 2 3
2 1 3
2 1 3
2 1 2
10
9 9 9 10 4 2 1 6 8 6
21
2 1 3
2 2 7
1 1 8
1 4 9
2 8 9
2 7 8
1 4 9
2 5 5
2 4 4
2 1 5
1 2 7
1 1 5
1 5 6
1 8 10
2 5 6
1 3 9
1 3 7
2 3 5
2 6 7
1 4 8
2 1 6
7
3 10 7 1 7 4 9
15
2 4 7
2 2 3
2 5 5
1 1 4
2 2 6
2 1 2
1 4 6
2 1 2
1 1 2
1 3 6
2 4 4
1 1 3
1 2 4
2 5 6
1 3 5
6
1 8 6 4 6 10
13
2 3 3
1 4 6
1 1 4
2 1 1
1 4 5
1 2 4
1 1 3
2 5 6
1 1 3
1 6 6
1 1 4
1 2 5
2 3 5
6
5 10 5 7 10 10
13
1 1 3
2 1 6
2 1 2
1 4 5
2 4 4
1 1 4
2 3 4
1 2 4
2 2 4
2 1 4
1 3 4
1 2 6
2 4 5
5
3 7 2 7 1
11
2 3 3
2 1 5
2 3 4
2 4 5
1 1 1
2 2 5
2 1 3
1 2 3
1 3 4
1 1 5
1 2 3
8
5 2 6 3 5 1 6 7
17
2 1 6
1 2 5
1 4 6
2 2 4
2 4 5
1 2 7
1 4 8
2 5 6
1 2 7
1 5 6
1 4 6
2 5 5
1 7 8
1 1 8
1 3 5
2 4 6
1 6 6
3
9 3 9
7
2 2 3
2 1 2
2 1 2
1 1 2
2 1 3
2 1 3
2 2 3
10
10 8 7 4 7 8 9 4 2 2
21
1 1 3
1 2 7
2 1 5
2 6 9
1 5 5
1 5 8
2 8 9
1 6 10
2 3 3
1 1 6
2 3 8
1 8 10
1 4 9
1 1 3
1 2 5
1 6 6
2 8 10
1 7 7
2 1 8
2 3 5
1 7 10
4
3 7 3 4
9
2 2 2
1 1 1
2 4 4
2 2 4
1 3 3
1 1 2
2 4 4
1 2 4
1 3 4
2
1 6
5
1 1 1
2 1 1
1 1 2
2 2 2
1 2 2
5
8 10 2 7 1
11
1 1 5
1 1 5
1 1 2
2 3 5
2 3 4
2 3 4
1 3 4
1 2 3
1 4 4
2 4 4
2 2 3
7
10 1 8 1 2 2 2
15
1 3 4
1 2 3
1 1 4
1 2 6
2 5 5
1 4 4
1 1 1
1 5 7
2 6 7
1 4 5
1 2 5
2 4 7
1 2 7
2 4 4
2 1 6
2
4 10
5
1 2 2
1 1 2
1 1 1
1 1 1
1 1 2
7
1 9 5 8 3 7 4
15
1 3 5
2 5 6
2 1 6
2 1 1
1 3 6
1 3 3
2 3 5
2 1 4
1 1 6
1 2 4
2 5 7
1 1 6
1 2 7
1 1 6
1 2 5
2
3 2
5
2 1 2
1 1 1
2 1 2
1 1 2
1 2 2
5
7 10 3 7 2
11
2 1 3
1 4 5
1 1 2
1 3 3
1 1 3
2 3 5
1 3 5
1 4 5
1 5 5
2 2 3
1 3 4
6
7 9 9 9 10 10
13
2 1 3
2 4 5
1 4 6
1 3 3
2 1 3
1 2 4
1 2 6
1 2 5
1 2 3
1 2 5
2 3 5
1 3 3
1 6 6
3
2 7 1
7
2 1 2
2 3 3
1 1 3
2 2 2
1 1 2
2 1 3
2 1 2
3
2 10 3
7
1 1 1
1 2 2
2 1 3
2 2 3
2 3 3
2 2 3
1 1 3
8
4 3 10 5 6 3 6 9
17
2 6 6
2 2 4
2 2 7
1 2 5
2 1 3
2 6 8
2 1 8
2 4 5
2 2 4
1 1 6
1 5 8
1 4 7
2 5 6
2 6 7
1 5 8
1 1 3
1 1 4
9
4 2 7 3 7 4 2 7 5
19
2 2 5
1 2 4
2 1 3
1 7 8
1 6 8
2 7 8
2 2 9
2 1 7
2 6 8
1 1 7
1 6 7
1 3 9
2 1 5
2 2 8
1 2 5
1 2 8
1 1 6
1 1 2
2 1 4
4
2 8 3 9
9
1 1 2
2 4 4
1 2 2
2 2 3
2 3 3
1 3 4
1 2 3
2 2 4
2 3 4
5
8 1 6 8 8
11
1 1 3
1 5 5
2 1 4
1 2 4
1 1 5
2 5 5
1 1 1
2 5 5
2 1 3
1 1 4
2 2 3
6
7 2 2 5 9 3
13
2 1 2
2 6 6
1 2 6
2 3 4
1 3 6
1 2 4
1 3 6
1 1 5
2 3 3
2 2 6
1 3 5
2 3 6
1 3 6
9
2 7 6 9 9 1 7 3 7
19
1 3 5
1 7 9
2 1 4
2 5 5
2 1 8
1 1 1
2 2 4
2 3 7
1 1 6
2 9 9
2 2 7
2 4 5
2 1 9
1 2 8
2 1 5
1 1 5
1 2 3
2 4 5
2 4 9
2
6 2
5
1 2 2
1 2 2
1 1 2
2 1 2
1 1 2
4
6 9 6 10
9
2 4 4
2 3 4
2 1 4
2 1 2
2 1 4
1 2 4
2 1 3
2 1 3
1 2 4
4
4 9 5 8
9
1 2 3
2 1 3
1 2 4
1 1 4
2 1 1
1 2 3
1 1 3
2 3 4
2 3 4
9
6 8 4 1 8 4 9 1 10
19
1 2 5
1 1 5
2 3 5
2 3 7
1 1 5
2 1 5
2 3 7
2 5 8
1 8 9
1 4 9
1 2 6
2 4 7
1 2 9
1 5 7
1 3 9
2 3 4
2 3 8
2 3 7
2 8 9
7
8 4 1 9 5 9 4
15
2 4 5
1 4 5
2 5 6
2 3 7
1 4 5
2 2 2
2 2 6
2 1 5
2 3 5
1 4 7
2 3 3
2 3 7
2 1 5
2 4 7
1 1 7
4
9 10 7 1
9
2 2 4
1 3 3
1 1 3
2 1 2
2 1 3
2 3 4
2 2 3
2 1 1
2 1 4
4
2 4 4 3
9
2 3 4
2 2 4
1 2 3
1 2 3
1 1 4
1 2 4
2 1 1
2 1 2
1 1 3
9
8 4 4 4 10 6 1 10 4
19
1 5 9
1 2 4
1 5 8
1 5 9
1 6 9
2 2 8
1 3 9
1 2 8
2 3 5
2 4 9
2 4 6
1 2 8
2 8 8
1 1 7
1 6 9
1 2 4
1 1 9
2 2 4
2 4 9
5
8 5 8 5 2
11
2 1 5
1 3 4
1 2 3
2 1 2
1 3 5
1 1 2
2 3 5
1 3 4
1 4 5
2 4 5
1 1 4
3
8 6 4
7
2 2 3
1 2 3
1 1 1
1 1 1
1 2 2
1 1 2
1 1 2
6
5 9 5 10 3 2
13
1 2 4
1 2 5
1 2 6
2 1 1
2 1 2
2 3 6
2 1 4
2 2 3
1 1 4
1 4 5
2 3 6
1 5 6
1 4 6
10
5 7 8 5 3 6 9 3 1 2
21
2 3 10
2 8 9
1 2 7
2 9 10
2 4 8
1 3 10
2 7 10
1 6 6
2 2 9
2 2 5
2 1 3
2 6 8
1 2 10
2 1 8
2 1 9
2 4 7
1 2 9
2 1 3
2 1 2
2 3 9
2 5 10
10
7 7 2 9 5 7 1 7 2 2
21
2 4 6
2 3 4
2 4 7
2 8 9
2 8 8
2 8 10
2 4 7
2 2 6
1 7 9
1 1 4
2 4 6
1 6 10
1 1 9
2 1 3
1 1 10
2 4 8
1 9 10
2 5 6
1 4 5
2 1 4
2 5 9
7
4 3 6 7 6 3 3
15
2 4 7
1 3 7
2 2 6
2 4 6
2 3 6
1 1 5
1 3 3
2 5 5
1 3 5
1 4 7
1 3 3
2 1 7
2 2 4
1 7 7
2 4 7
7
2 1 6 6 1 5 7
15
2 1 3
2 2 4
1 4 4
2 2 5
1 2 7
2 6 7
2 1 6
2 2 3
2 1 2
2 4 5
2 1 3
2 3 5
1 6 7
2 6 7
2 2 7
5
8 3 6 3 2
11
1 1 2
2 3 5
1 2 4
2 3 4
1 1 2
2 1 1
1 3 5
2 4 4
1 3 5
1 2 3
1 2 5
4
9 2 3 2
9
1 1 4
2 1 3
1 1 3
1 2 2
2 2 4
2 2 4
2 2 4
1 1 4
2 2 4
6
5 10 9 9 10 7
13
2 2 3
1 3 4
1 3 6
2 3 5
1 1 2
1 2 2
1 2 5
1 2 4
2 1 4
1 4 5
2 2 3
2 2 2
2 3 6
7
7 8 6 6 1 6 10
15
2 1 4
2 3 3
2 2 2
2 4 7
2 6 6
1 5 7
1 5 6
1 2 6
2 1 4
1 5 7
1 1 3
2 2 6
1 4 6
2 1 7
2 2 5
2
10 2
5
2 1 2
2 2 2
2 1 2
1 1 2
1 2 2
8
6 6 6 2 7 3 2 6
17
2 2 3
1 1 5
1 4 6
2 1 4
1 6 8
1 4 6
2 2 2
2 1 5
1 2 5
2 3 7
1 2 8
1 6 7
1 1 6
1 7 8
1 4 6
1 2 5
2 5 8
4
5 3 7 3
9
2 4 4
1 1 4
1 3 4
1 2 4
1 2 2
2 2 3
1 3 4
1 2 4
1 1 2
5
3 10 6 8 9
11
1 1 4
2 1 5
2 4 5
2 1 1
2 2 5
1 1 4
2 1 1
2 4 5
2 1 1
2 3 4
1 2 4
4
10 10 7 5
9
1 1 3
2 1 1
1 1 1
1 2 4
2 2 3
1 2 2
1 1 3
1 2 4
1 2 4
9
2 4 6 1 10 9 4 9 6
19
1 2 3
2 4 8
1 7 8
2 1 5
2 1 7
2 8 9
2 7 9
1 7 8
1 3 8
2 7 7
1 7 8
2 3 6
1 5 6
2 3 4
1 2 2
2 4 9
1 5 8
1 2 3
2 2 9
9
6 4 2 3 9 1 6 10 1
19
1 6 8
1 4 9
1 1 9
2 3 9
2 4 8
1 4 6
2 5 5
2 1 6
2 3 7
1 5 7
1 2 8
1 5 9
2 2 5
1 5 7
1 2 7
1 3 3
2 6 8
1 2 6
2 2 3
4
5 10 7 9
9
2 2 4
2 2 4
1 1 2
2 2 4
1 2 3
2 1 1
2 1 3
2 3 4
1 1 3
10
7 7 5 4 3 4 7 9 9 7
21
2 5 7
1 2 9
2 2 5
2 1 10
2 1 10
2 4 7
1 6 7
1 1 9
1 2 8
1 4 7
1 1 10
2 3 3
1 3 4
1 2 4
2 1 10
2 9 10
2 6 10
1 2 8
1 3 10
1 6 6
2 8 9
9
6 2 2 3 8 4 5 10 8
19
2 2 4
1 1 1
2 5 6
2 4 5
1 2 2
2 1 5
1 6 7
2 4 9
1 3 4
2 3 8
1 1 4
2 5 8
2 1 7
1 7 9
2 1 2
1 5 6
1 2 9
1 8 9
2 6 9
10
1 10 9 3 6 7 5 10 6 1
21
2 5 7
2 6 7
2 7 10
2 3 3
1 3 8
2 4 8
1 1 4
2 7 10
1 1 5
2 2 4
2 1 10
2 3 8
1 8 10
1 5 6
1 1 5
2 7 10
2 5 9
2 5 8
2 3 4
1 1 9
2 4 6
6
3 6 3 9 3 9
13
2 1 5
1 5 6
1 1 3
2 3 5
2 1 6
2 1 4
1 2 5
2 1 1
1 4 4
1 1 6
1 3 6
2 1 2
1 4 4
4
8 8 3 8
9
2 2 2
1 2 3
1 4 4
2 1 2
1 1 4
2 1 2
1 1 4
1 2 3
1 4 4
6
2 3 8 10 1 7
13
2 6 6
2 5 6
2 1 3
2 4 4
2 1 6
1 1 4
2 5 6
2 2 2
1 1 2
1 4 6
1 4 6
2 3 6
2 5 5
7
7 7 3 3 7 1 10
15
1 2 4
2 6 7
2 2 4
1 1 6
1 4 5
2 3 3
2 1 6
1 1 1
1 4 5
2 3 3
2 3 6
2 4 5
2 1 6
2 5 5
1 1 5
9
10 2 6 5 4 2 3 3 2
19
1 3 9
2 1 3
2 6 8
2 3 4
2 1 7
2 2 4
1 1 4
1 4 8
1 4 9
1 2 9
2 6 6
1 4 8
2 3 8
2 1 2
2 1 2
2 5 7
1 3 4
2 1 2
2 3 8
5
10 8 8 8 7
11
1 4 5
2 5 5
2 4 5
2 1 4
2 3 5
2 2 4
2 2 5
2 1 3
2 1 3
1 1 2
2 5 5
4
3 2 3 8
9
2 1 1
1 2 2
1 3 4
2 4 4
1 2 4
2 2 2
1 2 3
1 3 3
1 4 4
6
2 7 7 2 5 7
13
1 3 4
1 2 2
1 3 5
1 5 6
2 1 2
2 2 3
1 2 5
2 4 5
1 3 6
2 1 2
1 3 4
1 4 6
2 3 4
4
4 9 2 6
9
2 2 3
2 1 4
2 1 1
1 3 3
1 1 3
1 3 4
2 1 4
1 3 4
1 2 4
8
6 10 9 8 1 5 5 7
17
2 1 6
2 1 5
1 1 8
1 6 7
1 2 4
2 1 4
2 2 7
2 3 6
1 3 6
1 1 6
2 1 3
1 4 5
1 3 3
1 6 7
2 5 6
2 3 6
1 4 4
8
3 7 9 1 4 8 7 6
17
2 2 4
2 4 6
2 2 3
1 6 7
1 2 6
1 3 5
2 7 7
2 1 6
2 2 7
1 5 6
1 1 8
1 5 7
2 1 1
1 3 6
1 3 5
1 3 3
1 2 8
10
3 10 1 4 1 7 5 6 1 10
21
1 1 9
2 5 6
1 6 7
2 4 8
1 1 6
2 1 10
1 2 4
2 6 7
1 3 9
1 1 10
2 1 3
2 6 9
1 5 10
2 3 7
2 7 9
2 2 5
2 4 6
2 3 9
2 2 4
2 1 5
1 1 4
2
6 3
5
2 1 2
2 2 2
2 1 1
2 1 2
2 1 1
2
3 9
5
1 1 2
1 2 2
2 1 2
1 1 2
2 1 2
9
6 7 10 1 4 7 5 10 4
19
1 5 8
2 4 7
2 5 9
2 2 4
1 7 8
2 6 9
1 3 9
2 1 4
1 1 7
1 6 7
1 3 5
2 2 3
2 1 7
1 1 3
1 1 6
2 6 6
2 1 4
2 3 9
2 5 7
4
3 7 9 6
9
1 1 4
2 3 4
1 2 3
1 1 1
1 1 3
2 2 3
2 2 3
1 1 3
1 1 4
3
1 9 3
7
2 1 3
2 1 3
2 2 3
1 1 2
2 1 3
1 1 3
1 1 3
9
5 7 8 10 2 9 9 4 10
19
2 1 6
1 1 3
1 3 5
1 4 7
1 2 3
2 3 5
2 6 8
2 1 2
2 7 8
1 5 9
2 6 7
1 5 9
2 8 8
2 2 2
1 2 3
1 5 6
1 1 5
1 2 8
2 5 6
3
2 3 1
7
2 1 1
2 1 3
2 3 3
1 3 3
1 1 3
1 1 2
2 2 3
10
3 8 1 5 5 8 6 7 4 9
21
2 1 3
1 4 10
1 4 5
2 10 10
2 5 8
1 7 9
1 5 8
1 1 4
2 5 5
2 5 8
1 5 10
1 3 5
1 7 10
1 2 8
2 3 7
1 7 10
2 3 5
1 7 7
1 2 3
1 6 10
2 7 9
9
2 1 10 9 5 3 2 6 2
19
1 6 8
2 1 5
2 6 6
2 3 6
1 2 6
1 4 7
1 7 9
2 5 6
2 5 8
1 6 7
2 2 6
2 8 8
2 4 8
2 1 4
1 2 4
1 4 4
1 2 5
2 1 6
2 3 8
6
2 3 5 8 2 10
13
2 2 2
2 2 4
1 6 6
1 1 3
1 2 5
2 2 6
1 4 5
1 2 4
1 3 6
1 1 5
1 1 2
1 1 3
1 1 2
4
7 10 3 6
9
1 3 4
1 3 3
1 2 4
1 1 2
2 2 3
1 2 4
2 1 2
2 2 4
1 1 2
3
9 8 3
7
1 2 2
2 1 3
2 1 3
2 3 3
2 1 2
1 1 2
1 1 2
8
3 3 1 6 9 3 8 3
17
1 6 6
2 1 3
2 3 7
2 3 8
2 4 7
2 7 8
1 3 4
2 5 6
2 3 6
2 1 7
2 4 6
1 7 8
2 4 8
2 4 7
2 4 5
1 3 6
2 4 5
7
8 4 3 9 1 8 7
15
2 4 7
2 1 3
2 1 5
2 2 3
2 2 7
1 1 6
1 2 5
2 5 7
2 6 6
2 3 3
1 5 7
2 2 5
1 4 4
1 1 7
1 3 4
2
10 10
5
2 1 2
1 1 2
1 1 2
1 2 2
1 1 2
10
3 2 9 4 3 4 10 7 9 1
21
1 3 9
1 2 6
1 5 5
1 7 8
1 8 9
2 1 4
1 3 9
1 8 9
1 1 6
2 5 6
2 4 6
1 1 1
1 4 10
1 5 7
2 2 6
1 4 9
1 3 7
1 4 6
2 1 7
1 8 9
1 9 10
10
5 10 5 5 10 6 1 3 9 8
21
2 4 8
1 2 10
2 6 10
2 2 8
2 2 6
2 3 8
2 4 7
1 1 8
2 3 5
1 5 8
2 5 10
2 4 7
2 3 10
1 2 6
2 2 3
2 1 3
1 3 9
2 3 10
1 3 9
1 1 7
2 7 7
8
6 2 6 6 5 10 8 6
17
2 4 8
2 5 7
1 3 6
1 1 5
2 1 7
2 7 7
1 5 8
1 3 6
1 2 5
2 4 8
2 3 3
1 6 8
1 6 6
2 6 8
2 2 6
2 2 7
2 1 2
10
7 4 8 9 6 3 6 8 5 3
21
1 2 10
2 4 9
1 5 9
1 1 5
1 4 5
2 5 5
2 5 10
2 2 3
2 4 8
1 4 5
1 1 9
1 5 6
2 2 7
1 1 5
1 1 4
2 5 9
2 3 7
1 6 7
2 6 7
2 5 9
1 1 4
9
3 6 8 8 7 5 10 2 9
19
1 6 8
1 2 4
2 1 7
2 1 7
1 5 8
2 3 6
2 3 4
1 2 5
1 6 9
1 2 2
1 6 7
1 3 9
2 4 6
2 1 2
2 1 8
1 3 6
1 2 2
1 3 6
1 2 8
8
6 2 1 5 8 4 1 10
17
2 3 8
1 1 8
2 4 4
1 8 8
1 1 7
1 4 7
2 1 4
1 3 5
2 2 5
2 4 5
2 1 4
2 3 6
2 1 3
1 3 8
2 6 8
1 2 8
1 3 4
5
9 3 5 1 10
11
2 2 5
1 2 4
2 2 3
2 3 4
1 3 4
1 2 3
1 1 2
1 2 4
2 1 4
1 1 4
1 3 5
1
9
3
2 1 1
2 1 1
1 1 1
7
9 9 5 9 3 3 6
15
1 3 6
2 1 6
1 3 5
2 1 2
1 3 7
2 4 6
2 2 6
2 2 3
2 2 3
2 3 5
2 2 4
2 5 6
2 3 4
2 2 7
1 2 6
6
3 6 4 6 3 9
13
2 1 4
1 2 5
2 5 6
2 5 6
1 1 5
1 1 4
2 3 5
1 1 6
1 2 3
1 2 6
2 5 6
2 1 6
1 2 4
9
7 5 8 10 1 8 8 9 5
19
1 3 7
2 5 5
2 5 7
2 2 4
2 1 3
2 2 3
2 1 4
1 3 7
2 3 7
2 7 7
1 5 6
2 3 3
1 1 1
1 1 5
1 1 7
2 4 6
2 1 2
2 1 1
1 2 7
4
6 2 9 2
9
2 1 3
2 1 1
2 2 3
2 1 2
2 3 4
2 1 3
1 1 3
2 2 4
1 2 2
8
3 10 1 3 7 1 4 7
17
1 4 6
2 3 5
2 1 8
2 4 7
1 2 6
1 4 8
2 2 3
2 4 4
2 3 8
2 5 8
1 5 5
1 3 8
2 3 6
1 2 6
2 1 4
2 1 4
1 3 5
8
2 10 3 8 10 4 1 8
17
2 3 6
1 1 4
1 5 7
2 1 5
2 2 7
2 3 7
1 2 8
2 4 8
2 2 7
1 2 2
1 2 4
2 2 6
2 1 6
1 2 7
1 6 7
2 1 7
2 1 4
7
9 2 2 4 9 7 9
15
1 3 5
2 2 4
1 2 4
1 6 7
2 5 7
1 3 5
2 7 7
1 6 7
2 2 5
2 1 5
2 1 6
2 4 6
1 6 7
2 3 4
2 6 6
9
3 10 10 2 7 2 1 8 1
19
1 4 4
2 1 8
1 1 8
2 8 8
1 3 6
1 5 7
1 4 5
2 8 9
1 1 8
2 3 3
1 1 1
1 1 6
2 3 8
1 3 4
2 2 6
2 3 7
1 6 7
1 6 8
2 4 6
7
7 10 8 6 2 1 7
15
1 4 6
1 5 6
1 2 3
2 5 6
1 1 6
2 3 7
2 2 7
1 5 6
2 6 7
2 4 7
1 1 5
1 4 5
2 3 7
2 4 6
1 5 5
2
3 7
5
2 1 2
1 1 2
2 1 2
1 1 2
1 1 2
4
8 5 6 8
9
2 1 3
2 1 4
1 2 3
1 1 3
2 2 4
1 3 4
1 2 3
2 4 4
1 1 1
8
9 1 5 1 10 1 5 9
17
1 5 7
1 7 8
1 1 5
1 2 3
2 1 3
2 5 7
1 2 2
2 1 7
1 1 1
1 5 7
1 3 4
1 4 6
1 1 5
2 2 3
2 1 5
2 3 8
2 4 5
2
3 7
5
1 1 2
1 1 2
2 1 2
1 1 2
1 2 2
10
9 7 7 4 10 6 3 7 8 3
21
1 1 4
2 2 5
2 5 8
1 2 6
1 2 2
1 2 8
2 4 4
1 5 6
1 3 6
1 4 5
2 5 7
2 2 4
1 1 2
1 1 5
2 4 8
1 4 4
2 5 8
1 1 5
1 2 8
2 6 10
1 2 9
9
7 9 7 10 4 8 3 7 8
19
1 5 6
2 6 8
1 3 5
1 4 9
1 1 7
1 7 9
2 1 1
2 3 5
2 8 9
2 6 9
1 1 9
2 1 4
1 5 8
2 3 8
1 6 7
2 1 6
2 4 4
1 4 4
2 7 8
6
10 4 8 10 7 2
13
1 3 4
1 4 6
1 3 5
2 1 4
1 1 3
2 2 6
2 1 4
1 2 6
2 1 3
2 1 5
2 2 3
1 1 4
2 1 4
4
1 8 8 8
9
2 3 4
1 2 3
2 4 4
2 3 4
1 1 2
2 1 2
1 4 4
2 1 2
1 4 4
9
10 8 3 5 2 8 2 6 2
19
1 3 8
2 6 8
2 1 9
1 1 1
1 6 8
2 4 5
1 5 7
1 3 5
1 2 3
2 2 9
1 7 8
1 1 9
1 2 7
1 6 8
2 1 8
1 3 4
2 2 3
2 3 5
2 3 3
8
6 10 5 5 2 1 8 2
17
1 1 5
1 5 6
2 2 3
2 7 8
2 4 7
2 6 8
2 7 8
2 4 6
2 2 7
2 2 5
1 6 7
2 2 7
2 3 7
2 4 5
1 1 3
1 2 4
1 8 8
8
7 2 10 1 4 10 10 6
17
2 1 7
2 7 7
2 2 4
1 3 3
2 5 8
1 4 5
2 1 2
2 7 7
1 5 6
1 1 8
1 1 2
2 6 8
1 1 5
2 1 5
2 2 2
1 1 6
1 4 7
7
9 3 10 4 9 1 2
15
1 6 6
1 6 6
2 1 1
2 2 6
2 3 4
2 1 5
2 1 2
2 4 6
2 1 7
2 2 4
2 7 7
2 3 6
1 1 3
2 5 6
1 1 5
9
2 5 1 3 1 3 10 8 3
19
2 2 9
1 3 9
2 1 8
2 6 7
2 4 9
2 5 6
1 2 6
2 5 9
1 1 5
1 6 8
2 1 8
1 2 6
1 2 7
2 7 9
1 5 6
2 3 7
2 2 9
2 1 8
2 2 5
8
10 10 8 3 6 7 8 10
17
2 1 6
1 4 7
1 2 5
1 2 5
1 1 2
1 5 8
1 1 6
2 5 5
2 4 7
2 2 4
1 4 7
2 3 4
1 1 8
2 2 5
2 3 8
2 3 5
2 3 8
9
7 9 8 7 3 1 9 5 1
19
2 3 7
2 1 2
2 2 8
1 2 5
1 3 4
1 4 9
2 4 8
1 5 6
2 8 9
1 6 8
2 5 7
1 2 8
1 1 2
1 1 9
2 6 8
1 1 6
1 6 7
1 4 8
1 1 9
4
1 9 9 4
9
1 1 2
1 1 3
2 1 3
2 1 2
1 3 4
1 2 2
2 2 3
1 1 3
1 1 3
8
7 3 9 4 10 1 7 9
17
2 5 7
1 2 8
2 1 4
2 3 3
2 1 8
2 1 8
1 3 6
1 5 8
2 1 6
1 1 4
2 5 7
2 1 4
1 6 8
1 2 3
2 4 6
1 4 8
2 1 6
7
4 7 5 6 9 9 9
15
1 4 5
1 3 4
1 1 5
2 1 5
1 2 4
2 5 7
2 3 3
2 4 5
2 5 6
2 5 7
2 1 1
2 2 6
2 4 5
2 2 7
1 1 5
7
7 2 4 8 8 4 10
15
2 5 6
1 4 7
2 5 7
1 3 4
2 4 6
2 2 3
2 2 5
1 4 6
2 5 7
1 2 4
1 1 4
1 1 4
1 4 5
2 4 6
2 2 5
9
5 7 4 6 1 3 9 6 9
19
2 2 8
1 5 9
2 9 9
2 2 2
2 3 5
1 3 6
1 5 7
1 5 7
1 5 6
1 5 7
2 2 9
1 4 7
2 3 8
2 8 8
2 3 8
2 2 9
1 4 8
1 3 7
2 2 8
9
10 1 2 10 4 4 9 9 10
19
1 6 9
2 2 8
2 1 8
2 4 6
2 2 8
1 4 8
1 4 9
1 3 8
2 8 9
2 2 7
1 1 8
2 5 9
1 1 9
1 4 5
2 6 7
1 6 8
1 3 5
1 2 7
1 1 4
10
1 2 5 1 8 1 3 7 3 9
21
1 5 5
1 5 9
1 3 9
1 2 10
2 6 8
2 8 9
2 5 8
2 1 10
1 1 5
1 2 8
1 7 8
1 6 10
1 7 7
2 3 3
1 3 3
2 4 5
1 1 5
1 4 7
1 1 5
1 6 7
1 6 7
10
2 9 6 4 9 7 8 3 6 7
21
1 2 3
2 3 10
2 9 10
2 6 9
1 5 6
1 2 6
1 1 8
1 4 6
1 6 8
1 3 10
1 6 10
2 3 10
2 1 6
2 8 8
2 3 4
1 1 1
2 1 9
1 2 9
2 4 6
2 7 8
1 7 9
9
1 1 5 1 5 5 2 10 5
19
2 2 4
1 7 7
1 7 9
2 1 1
2 8 9
2 4 7
2 4 9
1 2 5
2 9 9
1 4 8
2 2 3
1 3 8
2 1 4
1 2 3
1 1 6
1 2 3
1 6 9
2 4 4
1 7 7
8
5 8 9 10 4 1 8 6
17
1 4 7
1 1 4
2 3 4
1 4 5
1 3 5
2 5 6
2 2 6
1 5 5
2 3 5
2 5 8
1 6 7
1 8 8
2 2 4
1 2 3
2 4 8
2 5 5
2 3 4
7
1 5 6 2 7 2 8
15
2 1 5
2 5 7
2 3 7
1 3 5
2 3 6
1 1 2
2 3 3
2 2 7
2 3 5
1 2 7
2 4 6
1 3 5
1 4 6
2 6 6
1 3 6
6
4 4 7 4 1 4
13
1 4 5
2 1 1
2 1 6
1 5 6
2 2 4
1 4 4
1 3 4
1 2 3
2 5 6
2 1 4
2 1 1
2 1 6
2 1 2
4
3 1 1 7
9
2 1 1
2 1 2
1 3 4
2 1 4
2 1 3
1 1 3
1 3 4
1 2 3
1 2 4
3
4 4 3
7
2 2 2
1 2 2
2 2 3
2 2 2
1 2 3
1 1 2
2 2 3
2
4 8
5
2 1 2
2 1 2
2 1 2
1 1 2
2 1 2
8
9 2 2 8 1 2 10 2
17
1 1 3
2 4 7
1 3 8
1 5 5
2 2 7
1 6 7
1 2 5
1 2 6
1 2 6
1 1 5
2 5 6
2 4 8
2 4 5
2 1 5
2 3 7
1 3 4
2 2 3
9
1 5 2 4 6 8 9 5 2
19
2 6 9
2 3 4
2 5 7
2 1 4
1 6 8
2 1 5
2 3 5
1 2 6
1 2 2
2 5 6
1 5 6
2 2 8
2 7 7
1 3 8
1 9 9
1 3 9
1 4 5
1 2 3
2 2 5
8
7 6 9 7 6 6 8 4
17
2 6 8
2 6 8
2 1 4
2 7 8
2 5 5
1 7 8
1 4 4
2 5 6
1 2 7
1 6 6
2 1 7
1 1 7
2 1 8
1 5 8
1 3 5
1 4 7
1 1 5
3
9 9 1
7
1 2 3
2 1 2
1 2 2
1 1 2
2 1 3
1 3 3
2 1 2
3
6 3 6
7
1 3 3
2 1 3
1 2 3
2 3 3
1 1 1
1 1 3
2 1 2
2
3 1
5
2 1 1
1 2 2
2 1 2
1 1 2
1 1 2
7
7 9 10 7 10 1 8
15
1 2 7
2 5 6
2 1 4
2 1 4
1 6 7
1 1 4
2 3 6
2 2 3
2 5 6
2 1 4
1 5 6
2 2 2
1 7 7
1 1 4
2 2 4
2
5 8
5
1 1 2
2 1 2
2 1 2
2 1 1
2 1 2
10
8 8 6 10 4 9 5 8 1 3
21
2 3 5
2 3 3
2 5 9
2 2 2
2 9 10
2 2 10
2 1 10
1 4 5
1 2 7
2 4 9
2 1 10
1 7 8
1 1 7
1 4 8
2 5 7
1 4 9
1 4 6
2 2 8
1 2 7
2 1 1
2 3 9
4
8 9 5 3
9
1 4 4
2 1 2
2 1 4
1 2 4
1 2 3
2 1 3
2 1 4
2 1 3
1 1 2
9
2 8 7 3 10 6 6 2 7
19
1 3 4
2 2 5
1 3 4
2 2 7
2 5 6
2 3 8
2 3 5
2 5 8
1 6 6
1 7 9
2 4 7
1 1 2
1 4 5
1 1 5
1 4 7
2 5 6
1 1 4
1 1 8
2 4 5
10
10 3 9 6 9 9 5 3 7 9
21
1 5 7
1 4 6
2 6 7
1 2 4
1 6 10
2 2 10
2 1 1
2 2 4
2 4 5
2 6 9
2 5 6
2 2 8
1 3 4
1 4 7
2 5 6
1 5 10
1 2 2
1 2 8
1 5 9
1 1 5
2 2 9
2
1 9
5
1 1 1
1 1 1
2 1 2
2 1 1
1 1 1
8
3 10 8 8 7 4 8 10
17
2 1 4
1 2 4
2 3 7
2 5 5
2 3 3
1 3 7
1 1 6
1 1 2
2 5 6
1 4 7
1 1 4
1 6 7
2 2 7
2 1 5
2 3 4
2 2 7
2 2 4
3
6 2 2
7
2 2 2
2 1 1
2 1 1
2 2 2
2 1 1
2 1 2
2 1 3
9
4 7 4 10 4 10 9 10 9
19
1 8 9
1 5 9
1 5 8
1 7 9
1 8 9
2 3 7
2 4 6
1 1 4
1 7 8
1 4 8
2 3 8
2 5 9
1 6 9
1 2 9
1 5 9
2 3 8
1 5 8
1 4 7
2 2 8
3
3 1 6
7
1 2 2
1 1 3
2 2 3
1 2 3
2 2 2
1 2 2
1 1 3
9
4 8 8 3 2 8 4 8 6
19
2 3 6
1 2 7
1 3 8
1 3 4
1 6 9
2 1 1
2 1 5
2 2 8
1 1 6
1 3 7
1 5 9
1 1 5
2 6 9
2 8 8
1 4 7
2 3 7
2 1 9
2 3 7
1 4 6
4
1 7 10 2
9
1 3 4
2 1 4
1 3 3
1 1 1
1 2 4
1 1 1
2 1 4
2 2 3
2 4 4
4
4 6 9 6
9
1 1 4
2 1 1
2 2 4
2 1 4
1 1 1
2 1 3
1 3 4
2 2 3
2 3 4
5
8 1 10 2 5
11
2 2 5
1 1 3
2 3 5
2 3 4
1 1 2
1 2 3
1 2 5
2 3 3
2 1 5
1 3 3
1 2 5
6
8 1 4 2 10 1
13
1 2 4
1 4 6
2 6 6
1 1 2
2 3 4
1 2 2
2 2 4
1 1 3
2 2 2
1 3 6
1 2 6
1 3 5
2 5 6
3
10 2 4
7
2 2 2
1 1 3
1 1 1
1 1 3
2 2 2
1 2 3
1 2 3
5
7 5 5 7 6
11
2 3 4
2 1 2
2 1 4
1 1 2
1 3 5
1 2 5
1 1 3
1 3 5
1 1 5
1 1 2
1 4 4
10
2 4 2 6 8 7 3 3 1 2
21
2 3 8
1 7 8
2 7 7
2 8 8
2 4 9
1 6 9
2 7 8
1 1 3
2 4 7
2 5 8
2 4 10
2 3 9
1 6 9
2 2 3
1 5 7
2 10 10
1 1 1
1 4 9
1 3 6
2 7 10
1 5 7
8
6 1 4 6 2 8 1 5
17
1 4 5
1 2 6
1 6 7
2 2 6
1 3 8
1 6 8
1 2 3
2 8 8
2 1 7
2 6 8
1 4 8
1 1 8
2 2 7
2 2 5
2 1 4
2 2 5
2 5 5
10
6 4 5 8 7 9 7 3 5 2
21
1 7 9
2 5 10
1 3 8
1 4 5
1 1 4
1 3 10
2 5 8
1 8 10
2 1 4
1 3 10
2 7 8
1 2 5
1 2 5
1 3 9
2 1 1
2 1 7
2 6 10
2 4 5
1 8 10
2 2 10
1 6 8
3
6 8 3
7
2 1 2
1 2 2
1 3 3
2 2 3
1 1 3
1 1 2
2 2 2
4
10 2 5 8
9
1 2 4
2 1 1
2 2 3
1 3 3
2 1 2
2 1 3
2 1 2
2 2 2
2 3 4
2
9 9
5
2 1 2
1 2 2
1 2 2
2 1 2
2 1 1
7
10 4 7 9 4 1 8
15
2 6 6
1 3 5
1 2 3
1 2 2
2 3 7
1 4 5
2 5 7
1 5 5
1 2 3
2 1 4
2 1 3
1 5 7
1 1 5
1 3 7
2 7 7
7
7 1 2 5 2 1 8
15
2 2 6
2 3 6
1 4 4
2 1 4
2 1 7
2 4 6
1 3 5
1 1 7
2 6 6
2 1 4
2 5 7
1 4 5
2 4 7
1 1 6
1 3 5
4
2 4 6 10
9
2 2 3
1 2 3
2 2 3
1 1 3
1 3 4
1 1 4
2 2 3
2 1 4
1 2 2
3
2 6 3
7
1 2 3
2 1 2
1 2 3
1 1 2
1 2 2
2 2 3
2 1 3
8
10 4 5 2 10 8 10 10
17
1 1 3
1 4 7
2 3 3
1 3 8
2 2 5
2 4 8
2 2 2
2 1 7
1 2 4
1 5 6
1 5 7
1 1 7
1 4 8
1 2 4
1 4 6
1 1 8
1 5 8
3
1 9 4
7
2 1 1
2 1 1
1 1 1
1 2 3
2 1 1
1 1 3
1 3 3
8
10 6 4 2 8 5 3 4
17
2 2 6
1 5 7
1 3 6
2 3 3
2 5 8
2 6 7
1 1 4
1 3 6
2 4 6
2 6 6
2 8 8
1 1 2
1 5 5
1 2 2
1 1 2
2 1 2
2 1 5
5
1 4 4 10 7
11
2 1 3
1 1 2
2 2 5
2 2 5
1 2 4
2 2 2
2 2 4
2 3 4
2 2 4
1 2 5
1 1 3
8
1 7 8 3 2 4 5 9
17
1 1 5
1 1 8
1 3 5
2 1 6
1 4 6
2 2 7
2 2 4
2 5 7
1 3 7
2 4 8
1 2 3
2 7 7
1 2 8
2 4 4
2 7 8
1 6 8
1 2 5
10
1 2 8 7 5 5 2 6 8 7
21
2 4 9
2 3 9
1 7 8
2 5 8
2 5 5
2 7 9
2 2 3
1 2 3
1 4 10
1 2 5
2 6 10
2 1 3
2 1 3
2 3 6
1 7 9
1 2 6
1 6 10
2 1 4
2 2 3
1 2 5
1 9 9
10
10 2 1 7 6 7 2 2 9 3
21
1 3 4
2 3 9
2 3 4
2 5 6
1 2 2
1 5 8
2 5 10
2 1 3
1 3 6
2 2 7
1 1 3
1 5 9
1 4 4
1 5 10
2 2 9
2 1 8
1 1 3
2 1 8
2 2 8
2 7 9
2 3 10
8
9 8 8 3 5 6 9 4
17
2 2 7
1 1 3
2 2 2
2 2 6
2 1 4
1 6 8
2 2 3
1 5 5
2 6 7
2 1 6
1 2 8
1 1 5
2 8 8
2 2 3
1 1 2
2 6 7
2 1 1
7
2 9 6 9 4 7 7
15
2 2 6
1 3 5
1 4 6
1 1 6
1 1 4
1 1 4
2 6 7
2 4 6
1 2 5
2 2 3
1 2 4
2 1 6
2 4 5
2 4 7
2 1 3
10
10 3 9 9 2 1 10 10 6 3
21
1 7 8
1 6 8
2 1 1
1 5 8
2 2 7
1 7 10
1 7 9
1 2 5
1 3 5
2 5 9
2 8 10
2 4 6
1 4 9
2 8 8
1 4 4
1 4 6
2 1 9
2 3 4
1 1 8
1 7 10
1 1 3
9
5 9 1 4 7 4 2 6 1
19
1 5 8
1 2 3
1 2 3
2 8 8
2 3 4
2 6 6
1 3 9
1 3 6
1 6 8
2 1 5
1 2 3
2 4 9
2 6 9
1 3 8
1 3 6
2 4 4
1 2 3
1 6 9
2 3 9
4
1 10 6 4
9
1 1 4
1 4 4
2 1 2
2 3 4
1 1 3
1 2 4
1 1 2
2 1 3
1 3 4
9
4 6 5 9 7 2 10 1 2
19
2 2 9
2 3 9
2 1 6
1 6 8
2 2 3
1 2 7
2 5 5
1 3 9
1 8 9
1 6 6
2 4 8
2 8 9
2 4 8
1 5 6
1 2 3
2 2 7
2 5 8
2 1 2
2 4 9
5
4 2 2 8 2
11
2 3 3
1 2 5
1 1 4
2 2 4
2 2 5
1 2 3
2 1 5
1 3 4
2 1 3
1 1 5
1 3 4
2
7 3
5
2 1 2
1 1 2
2 1 2
2 2 2
2 1 2
7
5 6 4 6 8 8 10
15
2 4 6
1 2 7
2 3 6
1 2 2
1 3 6
1 2 7
1 6 6
2 2 3
2 3 4
1 1 5
2 6 7
2 7 7
1 4 6
2 1 7
1 1 5
9
8 3 7 3 3 5 7 6 6
19
2 2 9
1 3 8
2 4 6
2 6 7
1 6 8
1 1 5
2 9 9
1 1 3
2 5 5
2 3 3
2 1 2
2 3 4
2 5 9
2 2 5
2 5 6
2 3 7
1 8 9
1 3 5
1 3 6
5
4 9 9 2 2
11
1 5 5
1 4 5
2 5 5
2 3 4
2 1 1
1 3 3
1 4 5
2 1 4
1 4 4
2 1 3
2 1 5
2
8 6
5
2 1 1
2 1 1
2 1 2
2 2 2
2 2 2
5
10 8 7 2 9
11
1 1 4
1 2 4
2 1 4
1 3 4
1 3 5
1 4 5
1 2 3
2 1 5
1 1 3
1 1 1
1 1 3
4
2 10 8 6
9
1 1 1
2 3 3
2 1 3
2 2 3
2 1 2
2 1 1
1 3 4
2 2 3
2 2 4
9
3 9 7 4 4 1 8 6 4
19
1 5 7
1 4 9
2 2 7
1 4 7
2 4 6
1 4 7
1 3 9
1 3 7
2 4 9
2 1 2
2 2 6
2 1 8
1 4 9
1 3 8
1 7 8
1 3 8
2 2 7
1 4 5
2 2 5
5
7 8 1 4 9
11
1 3 5
1 3 3
1 3 5
2 1 3
1 4 4
1 1 4
1 3 4
1 3 5
1 2 4
1 2 3
2 4 5
10
8 2 7 1 5 3 2 1 7 5
21
1 4 8
2 4 10
2 1 10
1 9 9
1 5 6
2 1 3
2 3 5
2 4 8
2 6 10
2 4 5
1 6 8
2 5 6
1 3 6
1 1 6
1 6 9
2 3 8
2 8 10
1 1 7
2 4 5
1 9 10
1 2 8
10
1 2 6 4 8 3 5 2 9 5
21
1 3 6
2 1 6
2 6 9
1 5 7
2 10 10
1 2 5
1 2 3
2 1 2
2 6 8
1 1 5
2 7 9
1 6 8
2 3 10
1 4 8
2 6 9
2 7 8
1 3 4
2 3 7
2 5 8
1 3 7
1 5 10
7
5 8 10 1 6 8 6
15
1 4 6
1 4 7
1 3 7
2 1 7
1 1 7
1 4 7
1 3 3
2 2 6
2 6 7
2 1 7
2 1 5
1 1 4
2 2 3
2 2 3
2 5 7
10
9 1 9 4 10 2 9 8 2 2
21
2 2 9
1 4 5
1 2 4
2 2 3
2 3 10
2 4 7
1 3 3
2 2 8
2 1 3
1 4 6
2 5 9
2 6 9
1 2 5
1 4 9
1 9 10
1 4 5
1 5 8
2 4 7
1 2 2
2 2 3
2 6 10
5
10 1 3 1 3
11
1 4 4
2 1 3
2 2 5
2 4 5
1 4 4
1 3 5
1 3 5
2 1 2
2 3 4
2 3 3
1 2 4
10
2 9 10 8 7 1 4 7 3 8
21
1 1 8
2 2 3
1 3 9
2 3 6
2 1 9
1 2 10
1 6 8
2 3 6
2 3 10
1 3 5
2 3 4
2 1 3
1 4 9
1 2 4
2 1 3
2 2 4
2 4 9
2 5 7
1 2 3
2 4 9
2 6 6
4
6 4 3 8
9
2 3 4
1 2 2
2 3 4
1 1 2
1 1 4
1 3 4
2 2 4
2 3 3
1 1 4
3
7 8 6
7
2 1 1
2 2 3
1 2 3
1 1 3
1 1 2
1 2 3
1 1 1
7
10 5 4 6 1 1 4
15
2 2 6
2 5 6
2 3 4
1 5 7
1 5 5
2 2 3
1 5 7
2 1 2
1 1 5
1 1 2
1 1 7
2 2 3
1 1 7
2 1 6
2 2 5
2
7 4
5
1 1 2
2 1 2
2 1 2
1 2 2
2 1 2
6
4 4 6 4 6 1
13
1 5 6
2 2 3
2 1 4
2 2 3
1 2 5
1 5 6
2 3 5
1 1 3
2 2 3
1 2 5
1 6 6
2 3 5
1 2 5
3
6 3 4
7
2 1 2
2 1 3
1 1 1
2 3 3
1 1 1
2 2 3
1 1 1
6
10 6 3 6 2 4
13
1 2 6
1 1 2
2 3 4
1 6 6
2 1 3
1 2 5
1 1 5
1 5 6
1 3 6
2 2 6
1 1 5
1 3 5
1 1 5
6
5 8 8 1 5 8
13
1 1 2
1 1 2
1 4 6
1 4 4
2 4 5
2 4 5
1 4 4
1 1 4
2 1 3
1 2 5
1 1 3
2 1 5
1 2 3
8
6 7 8 10 10 4 9 8
17
1 3 4
1 2 6
2 3 5
1 2 6
1 3 4
2 2 7
2 2 6
2 6 8
1 7 8
1 1 7
1 2 7
1 1 5
1 1 5
2 2 3
2 1 2
1 1 6
2 2 6
7
6 4 4 8 5 4 8
15
2 2 4
2 1 5
2 3 6
1 2 6
1 3 6
1 5 5
2 1 2
2 4 4
1 2 5
2 2 3
1 2 3
2 1 6
1 1 3
2 1 7
2 2 3
6
8 3 10 10 3 6
13
1 1 2
2 1 5
1 1 2
1 1 6
1 1 4
2 2 6
1 2 3
2 3 5
1 6 6
1 5 6
2 1 4
1 2 6
1 2 5
9
2 10 8 3 6 4 10 4 10
19
2 1 2
2 5 7
1 5 9
2 4 6
2 9 9
2 1 7
1 2 4
1 8 9
1 2 3
2 8 9
1 7 8
1 1 5
1 8 9
2 5 6
1 1 1
1 1 4
2 4 6
2 8 9
1 2 4
10
1 10 6 10 9 9 5 9 10 1
21
2 2 3
1 6 9
1 3 6
2 6 6
2 4 7
1 4 7
2 2 8
1 2 9
2 10 10
1 1 9
2 4 5
2 4 7
2 2 8
2 1 5
1 3 10
1 1 7
2 8 10
2 3 6
1 6 10
1 3 7
2 4 7
7
1 10 4 5 2 10 6
15
2 4 5
2 2 4
2 1 7
2 1 7
2 7 7
1 2 6
1 5 7
2 7 7
2 3 7
2 5 7
2 4 5
2 1 5
1 3 4
2 3 6
2 1 7
8
4 6 9 10 10 10 10 1
17
1 8 8
2 1 2
2 3 8
1 2 4
1 6 7
2 1 3
2 1 2
1 2 4
1 7 7
2 4 8
1 1 3
2 1 3
1 3 8
1 2 2
1 2 6
1 5 6
1 4 7
7
8 2 8 6 5 3 3
15
1 3 5
2 2 5
2 2 7
1 5 7
1 2 5
2 3 6
1 2 4
2 4 6
1 2 3
1 1 7
1 3 5
2 5 6
1 4 5
2 3 7
1 1 5
2
1 4
5
2 1 2
1 1 1
2 1 1
2 1 1
2 1 2
5
7 7 1 7 6
11
1 2 2
2 2 4
2 1 3
2 4 5
1 1 2
2 5 5
1 2 3
2 1 2
2 1 2
1 2 2
1 1 3
9
8 5 6 6 2 8 5 6 7
19
1 1 8
1 7 9
1 6 9
2 6 9
1 4 6
2 1 4
1 1 2
2 8 9
2 3 3
1 3 7
1 8 8
1 1 2
2 2 3
1 3 3
1 3 8
2 1 3
2 1 5
1 5 7
2 1 7
7
6 5 10 2 6 2 10
15
2 1 3
1 4 6
1 1 3
2 3 6
2 5 5
2 4 6
1 2 7
1 2 3
2 2 7
2 4 4
1 5 7
2 6 7
1 5 5
1 5 7
2 3 4
4
5 7 1 4
9
1 3 4
1 1 3
2 1 4
2 1 3
1 2 2
1 1 3
2 2 3
1 3 3
1 1 3
4
1 2 6 5
9
2 3 4
2 2 2
1 1 3
1 2 3
2 4 4
2 1 2
1 3 4
2 2 3
2 1 2
4
1 1 4 7
9
2 2 4
2 1 1
1 2 4
2 1 2
2 1 1
1 1 4
2 2 4
1 2 2
1 1 1
